BIN,height_roof,update,delta
1088961,0,1265,1265
1089972,0,998,998
1088797,125,1065,940
3000370,1035,110,925
1089411,0,904,904
1090526,0,781,781
1089428,187,924,737
1090115,0,727,727
1090233,0,691,691
1090495,63,737,674
3329438,0,620,620
1089722,0,609,609
1089791,0,595,595
1090642,0,553,553
1089803,0,533,533
1088841,0,497,497
4003487,133,597,464
1089701,0,456,456
1089723,0,456,456
1090190,0,444,444
1034346,54,492,438
1090174,0,424,424
1090158,0,412,412
3413765,0,407,407
1090972,504,106,398
1090711,0,387,387
1043853,67,448,381
1075787,396,18,378
1045277,384,16,368
1090574,0,361,361
1089716,0,336,336
3397861,146,469,323
1089717,0,322,322
1001244,41,362,321
1090397,0,321,321
4607280,0,319,319
3426433,0,314,314
1090920,0,313,313
1090472,0,303,303
3398591,56,349,293
1090579,375,84,291
4596992,278,-3,281
1087911,47,326,279
1058657,52,328,276
1038564,151,425,274
1091590,1268,1002,266
3426946,0,263,263
1085726,18,279,261
1090417,0,260,260
1050634,304,49,255
1090463,0,252,252
1091585,0,252,252
3114633,0,242,242
1089688,0,240,240
1090545,0,235,235
1051260,0,233,233
4617681,0,233,233
1090946,0,232,232
1083353,256,27,229
3000479,26,254,228
1089762,0,225,225
1086088,396,174,222
1090528,0,219,219
1090546,0,215,215
3002104,0,213,213
1046293,0,210,210
1089382,0,207,207
1089956,77,284,207
2128547,241,36,205
4619386,273,68,205
3348849,57,257,200
1089811,240,46,194
1090399,0,193,193
3000250,49,241,192
4618203,0,190,190
1090009,21,210,189
1090416,95,284,189
4618349,0,184,184
1089880,0,176,176
1085588,312,137,175
1001105,90,264,174
1089474,0,173,173
3424448,0,172,172
1090203,0,170,170
1090761,0,170,170
1088687,0,168,168
4454730,194,26,168
1003549,180,15,165
1089703,0,165,165
3426146,0,162,162
4113393,0,162,162
4619928,10,172,162
1088982,0,161,161
3413929,0,161,161
3426518,0,160,160
4003502,14,174,160
1090671,165,324,159
2128557,0,157,157
1054682,60,213,153
1088303,0,150,150
3414138,0,150,150
1014279,0,149,149
4005023,38,187,149
1089833,205,352,147
1090686,189,44,145
1090688,189,44,145
1090879,0,144,144
4541428,0,144,144
1090878,0,143,143
4213968,81,223,142
4596827,19,160,141
1046253,381,241,140
1015729,95,234,139
2128970,0,139,139
2127284,0,136,136
4005015,24,160,136
3413894,0,135,135
3424573,0,135,135
2004285,0,134,134
2128549,241,107,134
3426833,0,134,134
4113552,0,134,134
2128550,241,108,133
2129358,0,133,133
1083034,0,132,132
3425612,0,131,131
1013491,39,169,130
1079033,73,203,130
1089387,21,151,130
1079032,74,203,129
3416956,0,128,128
3397262,0,127,127
3401675,0,127,127
3426616,60,186,126
1089961,0,125,125
2128548,241,116,125
3000249,18,143,125
3421409,0,124,124
3396771,150,28,122
1019926,26,147,121
1089837,0,121,121
2127131,0,120,120
4607281,290,170,120
3398446,0,118,118
3400722,0,118,118
4005129,0,116,116
1090164,0,115,115
2128327,0,114,114
4617434,0,114,114
4615173,250,137,113
1089832,0,111,111
1090118,0,111,111
2129282,237,126,111
4615211,0,111,111
1084666,0,110,110
1087858,0,110,110
3029639,52,162,110
3071205,98,207,109
4539469,195,86,109
4004953,0,108,108
1001937,108,215,107
1090338,0,107,107
1089785,0,106,106
1090537,0,106,106
4000746,31,137,106
1018013,145,250,105
3403907,29,134,105
3425163,0,104,104
4004411,0,103,103
1090398,0,101,101
3426069,0,101,101
1088748,28,128,100
3138223,149,49,100
4439234,149,49,100
1001063,147,246,99
1007348,0,99,99
1090484,0,99,99
2130601,80,179,99
3426652,0,99,99
1089859,0,98,98
1090822,0,98,98
3010007,0,98,98
4618757,0,98,98
4619556,0,98,98
3061527,16,113,97
3072742,30,127,97
1090488,0,96,96
1091605,250,154,96
2114490,30,126,96
4538749,0,96,96
1012975,25,120,95
2104250,115,20,95
3393703,15,110,95
3426227,0,95,95
1089838,0,93,93
1089931,58,150,92
1090444,0,92,92
4212276,0,92,92
1015022,63,154,91
1038914,0,91,91
3027918,0,91,91
3329802,0,91,91
3335934,40,131,91
3426593,0,91,91
4570298,0,91,91
4798016,0,91,91
1090470,0,90,90
2120270,0,90,90
3124035,0,90,90
4617184,0,89,89
2001004,12,100,88
3062015,110,22,88
3413702,0,88,88
4539692,26,114,88
1001487,15,102,87
1090148,73,160,87
2117981,0,87,87
4223677,0,87,87
4597303,0,87,87
4619762,0,87,87
4798019,0,87,87
1013572,51,137,86
1088645,0,86,86
1090182,0,86,86
1090496,0,86,86
3397203,0,86,86
3425887,0,86,86
3426859,0,86,86
4540101,112,26,86
1081314,132,217,85
1089362,0,85,85
1090308,0,85,85
3418146,0,85,85
1090696,0,84,84
3057245,0,84,84
3420391,73,157,84
3425625,0,84,84
1089378,0,83,83
2127296,0,83,83
3397047,13,96,83
3413772,0,83,83
3418147,0,83,83
3421795,0,83,83
3425583,0,83,83
3425584,0,83,83
4005366,21,104,83
4594151,0,83,83
4618244,0,83,83
1090159,0,82,82
1090420,0,82,82
2129071,0,82,82
3418229,0,82,82
3424758,0,82,82
4005987,0,82,82
4032013,16,98,82
4615090,0,82,82
1013652,155,236,81
1043908,0,81,81
1043909,0,81,81
1090588,0,81,81
3034838,0,81,81
3072744,15,96,81
3111280,15,96,81
3418148,0,81,81
3421640,0,81,81
3425148,0,81,81
4001769,0,81,81
4798021,0,81,81
1088291,0,80,80
1091569,196,276,80
4596012,0,80,80
4607791,0,80,80
4619191,0,80,80
4798020,0,80,80
2129325,0,79,79
3418184,0,79,79
3425151,0,79,79
3426479,0,79,79
4542666,0,79,79
4543408,0,79,79
4618810,0,79,79
4798023,0,79,79
1089710,107,29,78
1090299,0,78,78
1090433,0,78,78
3018775,13,91,78
3068650,0,78,78
3116041,0,78,78
3418179,0,78,78
4547623,0,78,78
1088494,28,105,77
1088551,47,124,77
1089936,197,120,77
1090245,0,77,77
1090789,0,77,77
1090877,0,77,77
3063664,0,77,77
3118894,12,89,77
3396814,0,77,77
3424177,0,77,77
3425092,0,77,77
3426388,154,77,77
3426951,123,46,77
3426952,123,46,77
1089911,0,76,76
1090098,0,76,76
1090144,0,76,76
1090330,0,76,76
2128906,0,76,76
3083106,0,76,76
3422385,0,76,76
4080234,18,94,76
4619948,0,76,76
1089989,0,75,75
1090855,0,75,75
2129010,0,75,75
3162372,0,75,75
3204947,12,87,75
3397186,0,75,75
3421878,0,75,75
3426513,0,75,75
3429218,0,75,75
1088371,0,74,74
3068012,15,89,74
3118449,0,74,74
4607377,0,74,74
1090324,0,73,73
2128714,0,73,73
3418166,0,73,73
3418180,0,73,73
3418255,0,73,73
3425097,0,73,73
3425138,0,73,73
3425997,0,73,73
4540141,21,94,73
1002735,86,158,72
2124470,0,72,72
2127297,0,72,72
3116055,14,86,72
3397213,0,72,72
3413941,0,72,72
3425540,0,72,72
4006365,15,87,72
4617653,0,72,72
5113073,0,72,72
1089346,56,127,71
1089537,160,89,71
3001482,144,73,71
3006603,33,104,71
3424212,0,71,71
3426839,0,71,71
4617739,0,71,71
1012290,64,134,70
1090640,0,70,70
3064043,0,70,70
3139741,13,83,70
3335899,209,279,70
3415745,0,70,70
3418231,0,70,70
3420465,10,80,70
3424168,0,70,70
3425147,0,70,70
1026799,0,69,69
1089737,0,69,69
2128483,0,69,69
3035681,120,51,69
3116577,15,84,69
3421828,0,69,69
3424201,120,51,69
3424202,120,51,69
3424203,120,51,69
1089849,0,68,68
1090432,0,68,68
3413700,10,78,68
3421638,0,68,68
3421826,10,78,68
3426290,0,68,68
4539318,0,68,68
1004520,0,67,67
1027112,16,83,67
1090849,0,67,67
3054992,0,67,67
3413699,0,67,67
3421476,0,67,67
4042512,0,67,67
1048779,168,102,66
1087083,260,194,66
2127004,0,66,66
2128217,0,66,66
3181120,14,80,66
3335871,164,98,66
3426400,120,54,66
4195985,31,97,66
4618316,0,66,66
1008760,17,82,65
1089665,0,65,65
1090323,0,65,65
1090715,0,65,65
2124647,0,65,65
2128434,0,65,65
3043944,15,80,65
3070879,13,78,65
3203146,20,85,65
3321438,0,65,65
3414239,0,65,65
3421390,0,65,65
3421391,0,65,65
3425781,0,65,65
3426187,110,45,65
3426381,0,65,65
4539959,0,65,65
4540385,0,65,65
4542690,0,65,65
4542691,0,65,65
4602519,0,65,65
4602520,0,65,65
1090418,0,64,64
1090888,166,102,64
3337685,15,79,64
3338175,10,74,64
3398333,0,64,64
3412823,0,64,64
3424206,0,64,64
3425850,0,64,64
3426017,0,64,64
3799238,13,77,64
4539161,0,64,64
4540384,0,64,64
4602517,0,64,64
4602518,0,64,64
4602521,0,64,64
4607260,0,64,64
4615270,0,64,64
5005145,21,85,64
2007362,28,91,63
2127146,25,88,63
3127540,0,63,63
3396896,17,80,63
3413708,0,63,63
3414019,0,63,63
3424423,0,63,63
3424705,0,63,63
3425017,0,63,63
3428624,0,63,63
4195986,17,80,63
1052559,16,78,62
1089839,0,62,62
3028954,12,74,62
3034762,0,62,62
3059184,35,97,62
3425099,0,62,62
3425474,0,62,62
3426799,0,62,62
4006702,0,62,62
4112123,89,27,62
4619269,17,79,62
1089764,0,61,61
1089870,0,61,61
3003198,0,61,61
3048088,116,55,61
3060902,16,77,61
3075151,0,61,61
3120467,35,96,61
3247039,14,75,61
3413764,0,61,61
3413886,0,61,61
3425733,0,61,61
4617858,0,61,61
5165933,0,61,61
5171652,0,61,61
1020597,84,144,60
1050732,65,125,60
1089763,0,60,60
2129352,0,60,60
3049578,13,73,60
3068086,17,77,60
3323805,0,60,60
3338650,14,74,60
3398251,0,60,60
3398372,0,60,60
3398447,0,60,60
3425126,18,78,60
3425495,0,60,60
1001086,142,201,59
1088640,86,145,59
3000027,0,59,59
3005772,0,59,59
3051546,15,74,59
3065463,25,84,59
3065463,25,84,59
3071317,22,81,59
3118197,10,69,59
3124934,23,82,59
3124971,23,82,59
3346390,11,70,59
3398258,0,59,59
3398370,0,59,59
3398374,0,59,59
3411555,0,59,59
3411556,0,59,59
3411557,0,59,59
3414822,0,59,59
3418333,0,59,59
3424213,16,75,59
3425072,0,59,59
4593930,0,59,59
4614610,0,59,59
1087313,424,366,58
3055183,20,78,58
3068064,12,70,58
3071068,0,58,58
3118196,11,69,58
3154977,33,91,58
3414272,0,58,58
3425073,0,58,58
3426392,0,58,58
1002429,0,57,57
1080257,27,84,57
1089856,0,57,57
3069833,0,57,57
3116762,28,85,57
3118198,10,67,57
3130451,30,87,57
3326367,0,57,57
3335779,0,57,57
3398368,0,57,57
3398669,14,71,57
3413814,0,57,57
3421647,0,57,57
3424127,0,57,57
3425144,0,57,57
3425145,0,57,57
3425354,0,57,57
1007816,48,104,56
1089765,0,56,56
1089855,0,56,56
1089857,0,56,56
1090854,0,56,56
2124443,0,56,56
3009234,18,74,56
3074700,0,56,56
3116601,35,91,56
3210671,37,93,56
3328172,25,81,56
3414016,0,56,56
3414231,0,56,56
3425389,0,56,56
4196414,50,106,56
4213816,23,79,56
4435521,25,81,56
4534922,17,73,56
5154936,72,16,56
5170474,0,56,56
1088006,30,85,55
1089690,0,55,55
1089766,0,55,55
2004721,0,55,55
2129068,0,55,55
3018499,0,55,55
3026512,0,55,55
3049349,17,72,55
3056277,0,55,55
3062435,20,75,55
3068246,33,88,55
3393163,0,55,55
3400161,14,69,55
3421395,0,55,55
3425996,0,55,55
3426480,0,55,55
3426489,0,55,55
4038418,19,74,55
4038418,19,74,55
4607300,0,55,55
4616405,0,55,55
4618922,0,55,55
1001134,341,395,54
1054351,20,74,54
1088634,13,67,54
2128617,0,54,54
2129522,0,54,54
3006423,0,54,54
3050683,0,54,54
3067912,14,68,54
3069609,12,66,54
3116056,14,68,54
3180868,31,85,54
3413883,0,54,54
3414013,0,54,54
3425146,0,54,54
3425462,0,54,54
3426028,0,54,54
3426280,0,54,54
4117158,11,65,54
4117159,11,65,54
4223680,21,75,54
4607562,0,54,54
4607854,27,81,54
4618535,0,54,54
1090506,0,53,53
3009201,16,69,53
3053786,50,103,53
3060746,0,53,53
3067868,0,53,53
3072697,0,53,53
3119614,36,89,53
3332258,19,72,53
3402994,0,53,53
3424562,0,53,53
3425080,0,53,53
3425143,0,53,53
3425431,0,53,53
3425992,0,53,53
4006691,0,53,53
4040550,0,53,53
4048613,0,53,53
4607828,0,53,53
1005278,24,76,52
1063574,52,104,52
1090866,470,522,52
2109477,38,90,52
2129056,85,137,52
3006835,0,52,52
3014830,0,52,52
3018891,0,52,52
3038367,30,82,52
3053844,35,87,52
3063883,15,67,52
3116695,39,91,52
3322756,21,73,52
3322757,20,72,52
3324975,0,52,52
3398448,0,52,52
3413945,0,52,52
3426829,70,122,52
4607503,0,52,52
1002610,33,84,51
1011870,26,77,51
1048704,0,51,51
2129192,179,128,51
3009515,0,51,51
3043264,0,51,51
3071055,14,65,51
3175532,25,76,51
3328598,15,66,51
3398332,16,67,51
3413821,10,61,51
3414215,0,51,51
3414216,0,51,51
3418155,0,51,51
3424611,0,51,51
4304427,0,51,51
4540151,22,73,51
4542288,115,64,51
4611197,0,51,51
4617741,67,16,51
4618215,0,51,51
1001410,222,272,50
1005569,38,88,50
1079602,60,110,50
1089742,328,378,50
1089848,0,50,50
1089854,0,50,50
3021043,0,50,50
3029599,17,67,50
3040213,0,50,50
3061307,13,63,50
3075152,0,50,50
3100205,15,65,50
3138489,24,74,50
3248653,0,50,50
3400571,0,50,50
3400572,0,50,50
3413433,0,50,50
3413434,0,50,50
3413435,0,50,50
3413436,0,50,50
3413437,0,50,50
3414217,0,50,50
3425867,0,50,50
3426889,98,48,50
4431624,0,50,50
4597143,0,50,50
4617185,16,66,50
4618509,0,50,50
5151097,70,20,50
1004593,28,77,49
2129132,210,259,49
3004557,0,49,49
3031499,20,69,49
3057560,20,69,49
3067910,20,69,49
3069329,23,72,49
3078582,0,49,49
3116646,29,78,49
3116901,36,85,49
3136390,0,49,49
3206416,14,63,49
3325789,0,49,49
3397932,0,49,49
3400565,0,49,49
3400568,0,49,49
3409567,0,49,49
3424550,0,49,49
3426800,0,49,49
3426973,0,49,49
4448852,19,68,49
4541587,0,49,49
4596376,0,49,49
4596565,0,49,49
4607414,0,49,49
4607744,0,49,49
4617819,143,94,49
1086804,22,70,48
2128901,0,48,48
2129004,0,48,48
2129330,0,48,48
2129363,210,258,48
3000844,28,76,48
3023672,13,61,48
3065463,25,73,48
3065463,25,73,48
3072176,0,48,48
3073929,0,48,48
3138490,26,74,48
3330682,23,71,48
3340239,105,153,48
3348906,13,61,48
3398459,19,67,48
3400428,0,48,48
3414335,12,60,48
3418256,0,48,48
3418342,0,48,48
3421404,0,48,48
3421743,0,48,48
3422383,0,48,48
3424730,0,48,48
3425003,0,48,48
4044475,0,48,48
4112184,0,48,48
4541586,0,48,48
4596289,0,48,48
4596290,0,48,48
4596352,0,48,48
4596377,0,48,48
4607419,0,48,48
4607469,0,48,48
5158394,72,24,48
5170488,0,48,48
2120984,11,58,47
2124526,0,47,47
2128902,0,47,47
3054673,0,47,47
3062301,16,63,47
3065339,0,47,47
3068160,13,60,47
3140922,26,73,47
3391267,13,60,47
3398821,0,47,47
3421807,140,93,47
3424255,0,47,47
3424711,240,193,47
3425100,0,47,47
3425608,0,47,47
3426034,67,114,47
3426036,68,115,47
3426052,0,47,47
4113846,31,78,47
4430381,29,76,47
4596291,0,47,47
4596351,0,47,47
4615148,0,47,47
4617195,0,47,47
4618542,0,47,47
4618543,0,47,47
4618849,0,47,47
4620049,36,83,47
4798068,0,47,47
5158987,0,47,47
5164530,0,47,47
5166305,0,47,47
1000039,0,46,46
1062715,19,65,46
1082759,300,346,46
2023831,24,70,46
2101893,25,71,46
2124631,0,46,46
2128702,0,46,46
2128903,0,46,46
3039122,0,46,46
3044209,29,75,46
3049908,0,46,46
3054893,34,80,46
3055154,21,67,46
3061500,15,61,46
3062964,17,63,46
3064031,0,46,46
3069428,24,70,46
3072175,0,46,46
3076359,0,46,46
3244263,26,72,46
3327328,97,51,46
3329918,78,124,46
3403056,0,46,46
3403058,0,46,46
3403059,0,46,46
3406765,14,60,46
3421678,0,46,46
3424069,0,46,46
3426038,0,46,46
3426478,0,46,46
3426481,0,46,46
3426482,0,46,46
4206489,17,63,46
4536853,49,95,46
4596260,0,46,46
4596294,0,46,46
4596295,0,46,46
4596353,0,46,46
4607544,27,73,46
4607929,0,46,46
4617820,596,642,46
4622985,0,46,46
4798015,0,46,46
1085698,17,62,45
1090656,149,194,45
1090771,0,45,45
2124630,0,45,45
3015912,0,45,45
3028314,31,76,45
3048421,29,74,45
3059686,17,62,45
3072211,14,59,45
3107004,15,60,45
3125923,0,45,45
3140549,27,72,45
3166899,12,57,45
3338159,45,90,45
3338159,45,90,45
3338159,45,90,45
3338755,37,82,45
3395073,17,62,45
3397357,123,78,45
3404999,0,45,45
3422234,0,45,45
3422378,35,80,45
3425716,47,92,45
4006550,21,66,45
4047641,0,45,45
4156170,0,45,45
4436320,21,66,45
4541230,0,45,45
4596375,0,45,45
4596378,0,45,45
4596562,0,45,45
4616402,0,45,45
4617562,0,45,45
5151970,0,45,45
5171653,0,45,45
1076177,766,810,44
2127006,0,44,44
3000556,86,130,44
3023295,0,44,44
3024096,0,44,44
3057331,14,58,44
3063648,22,66,44
3116151,35,79,44
3122909,26,70,44
3136008,0,44,44
3138823,27,71,44
3251772,0,44,44
3322632,0,44,44
3324216,16,60,44
3328171,37,81,44
3335231,143,99,44
3336224,0,44,44
3403522,0,44,44
3413602,0,44,44
3414006,0,44,44
3421375,73,29,44
3422352,15,59,44
3423491,11,55,44
3425103,0,44,44
3425139,0,44,44
3425353,0,44,44
3425755,0,44,44
3426477,0,44,44
3426899,0,44,44
4050468,29,73,44
4596354,0,44,44
4596563,0,44,44
4597019,0,44,44
4618751,0,44,44
5171220,0,44,44
1090427,0,43,43
3010807,0,43,43
3044978,27,70,43
3048064,0,43,43
3049709,27,70,43
3054750,36,79,43
3054787,15,58,43
3061970,9,52,43
3072871,20,63,43
3072876,0,43,43
3077042,18,61,43
3137900,29,72,43
3140239,26,69,43
3398129,0,43,43
3398234,0,43,43
3398577,0,43,43
3424462,0,43,43
3424490,0,43,43
3424968,0,43,43
3426053,41,84,43
4010163,0,43,43
4044745,0,43,43
4113936,0,43,43
4115417,26,69,43
4438391,12,55,43
4457718,103,60,43
4541435,12,55,43
4542639,86,43,43
4542640,86,43,43
4542642,86,43,43
4542643,86,43,43
4542644,86,43,43
4542645,86,43,43
4594865,0,43,43
4594866,0,43,43
4596213,108,65,43
4607892,0,43,43
4618739,0,43,43
4618740,0,43,43
4618743,0,43,43
4618745,0,43,43
4618749,0,43,43
4618753,0,43,43
4618756,0,43,43
5164385,0,43,43
5168749,0,43,43
5169496,0,43,43
5171291,0,43,43
1006102,20,62,42
1049962,40,82,42
1080207,0,42,42
1090247,0,42,42
2016537,29,71,42
2129112,83,125,42
3003090,15,57,42
3022077,15,57,42
3055425,12,54,42
3062016,33,75,42
3077043,16,58,42
3120054,15,57,42
3191879,0,42,42
3329403,18,60,42
3329705,37,79,42
3413686,0,42,42
3413687,0,42,42
3418210,0,42,42
3421430,68,110,42
3424594,0,42,42
4006077,0,42,42
4009223,16,58,42
4539536,0,42,42
4539537,0,42,42
4539538,0,42,42
4596343,0,42,42
4607332,21,63,42
4607341,0,42,42
4607396,0,42,42
4607928,0,42,42
4618434,0,42,42
4618733,0,42,42
4618737,0,42,42
4618738,0,42,42
4618741,0,42,42
4618742,0,42,42
4618744,0,42,42
4618748,0,42,42
4618750,0,42,42
4618752,0,42,42
4618754,0,42,42
4618755,0,42,42
4798017,0,42,42
5015180,0,42,42
5037186,0,42,42
5799505,0,42,42
1001444,96,137,41
2077865,0,41,41
2127602,0,41,41
2128712,0,41,41
3012525,13,54,41
3016112,28,69,41
3023038,15,56,41
3035191,23,64,41
3038324,27,68,41
3048323,20,61,41
3051322,16,57,41
3054396,12,53,41
3054582,16,57,41
3055642,14,55,41
3062559,16,57,41
3062736,33,74,41
3068099,15,56,41
3069592,42,83,41
3071459,24,65,41
3120590,38,79,41
3135131,30,71,41
3140175,27,68,41
3400412,0,41,41
3402928,19,60,41
3409022,13,54,41
3418211,0,41,41
3422546,0,41,41
4000366,17,58,41
4307043,0,41,41
4539539,0,41,41
4594868,0,41,41
4596344,0,41,41
4596345,0,41,41
4596383,0,41,41
4596386,0,41,41
4596388,0,41,41
4596389,0,41,41
4596390,0,41,41
4596393,0,41,41
4596399,0,41,41
4611190,0,41,41
4616958,0,41,41
4617615,0,41,41
4618736,0,41,41
5159799,45,4,41
5164885,0,41,41
5172050,65,106,41
5799515,0,41,41
1083283,54,14,40
1090192,778,738,40
1090808,135,175,40
2077866,0,40,40
2124625,0,40,40
2126552,11,51,40
2127514,0,40,40
2128205,0,40,40
3022410,22,62,40
3028232,14,54,40
3036431,24,64,40
3057966,28,68,40
3061728,15,55,40
3062558,16,56,40
3063052,17,57,40
3068769,37,77,40
3070059,16,56,40
3117644,26,66,40
3120967,22,62,40
3138498,25,65,40
3166969,0,40,40
3168526,0,40,40
3322037,178,138,40
3399417,0,40,40
3409021,13,53,40
3419753,26,66,40
3423972,12,52,40
3423973,12,52,40
3423974,12,52,40
4006649,19,59,40
4050555,0,40,40
4059002,57,17,40
4551443,53,13,40
4596293,0,40,40
4596337,0,40,40
4596338,0,40,40
4596387,0,40,40
4596391,0,40,40
4596392,0,40,40
4596397,0,40,40
4596398,0,40,40
4616959,0,40,40
4616960,0,40,40
4617767,78,38,40
4617788,0,40,40
4619413,250,210,40
5023333,0,40,40
5169720,14,54,40
5170536,0,40,40
5171476,0,40,40
1003853,67,106,39
1086172,340,379,39
1090426,0,39,39
1090864,0,39,39
2007561,41,80,39
2008515,31,70,39
2124883,68,29,39
2127513,0,39,39
3037151,26,65,39
3053921,13,52,39
3061873,15,54,39
3069988,17,56,39
3073694,12,51,39
3108599,25,64,39
3108600,25,64,39
3108602,25,64,39
3110761,27,66,39
3120053,15,54,39
3128635,0,39,39
3140172,27,66,39
3254425,0,39,39
3329408,82,121,39
3346449,0,39,39
3425155,0,39,39
3426190,552,513,39
3426389,115,76,39
4286150,18,57,39
4542200,28,67,39
4596927,0,39,39
4607412,0,39,39
4607651,0,39,39
4616937,0,39,39
4616942,0,39,39
4616954,0,39,39
4616961,0,39,39
4616962,0,39,39
5045713,0,39,39
5068198,0,39,39
5109485,0,39,39
5159539,0,39,39
5165037,0,39,39
5169045,0,39,39
5174603,0,39,39
5799509,0,39,39
5799523,0,39,39
1001381,90,52,38
1080063,95,133,38
1080499,85,47,38
1090832,900,862,38
1091605,250,288,38
2116638,60,98,38
2127340,0,38,38
2127341,0,38,38
2127343,0,38,38
2127345,0,38,38
2127348,0,38,38
2127357,0,38,38
2127398,0,38,38
2127738,0,38,38
3012030,27,65,38
3014409,30,68,38
3024701,43,81,38
3039829,15,53,38
3056252,0,38,38
3072696,21,59,38
3108519,25,63,38
3110774,25,63,38
3119670,36,74,38
3138499,26,64,38
3337602,78,40,38
3338749,49,87,38
3399043,14,52,38
3413740,0,38,38
3413749,0,38,38
4008616,21,59,38
4010134,27,65,38
4168452,0,38,38
4222137,51,89,38
4539540,0,38,38
4541527,0,38,38
4596292,0,38,38
4611191,0,38,38
4616910,0,38,38
4616924,0,38,38
4616925,0,38,38
4616926,0,38,38
4616927,0,38,38
4616939,0,38,38
4617675,95,57,38
5022669,0,38,38
5109468,0,38,38
5148709,0,38,38
5148710,0,38,38
5148717,0,38,38
5148862,0,38,38
5157664,0,38,38
5157827,0,38,38
5157828,0,38,38
5157831,0,38,38
5158272,0,38,38
5164594,0,38,38
5166479,0,38,38
5166848,0,38,38
5169015,0,38,38
5169016,0,38,38
5169901,0,38,38
5171984,0,38,38
1075697,0,37,37
1795044,0,37,37
2124624,0,37,37
2127339,0,37,37
2127397,0,37,37
2127399,0,37,37
2129273,0,37,37
3002063,16,53,37
3009227,0,37,37
3012911,45,82,37
3021053,33,70,37
3033150,25,62,37
3033152,23,60,37
3036604,25,62,37
3038353,33,70,37
3048883,18,55,37
3052413,14,51,37
3062298,37,74,37
3064788,25,62,37
3069386,19,56,37
3074306,37,74,37
3076856,26,63,37
3108518,26,63,37
3119752,28,65,37
3171322,24,61,37
3187759,19,56,37
3338204,32,69,37
3338648,38,75,37
3396769,23,60,37
3412955,13,50,37
3412956,13,50,37
3412957,13,50,37
3413739,122,159,37
3422087,392,429,37
3426011,0,37,37
4004535,16,53,37
4008485,24,61,37
4008506,0,37,37
4139505,74,37,37
4149155,0,37,37
4170192,0,37,37
4213063,0,37,37
4587323,0,37,37
4596132,0,37,37
4596556,0,37,37
4596557,0,37,37
4607422,0,37,37
4607764,0,37,37
4607883,0,37,37
4615984,0,37,37
5003023,0,37,37
5017365,0,37,37
5082355,0,37,37
5084328,0,37,37
5087217,0,37,37
5148694,0,37,37
5148695,0,37,37
5148697,0,37,37
5148701,0,37,37
5148707,0,37,37
5148718,0,37,37
5148779,0,37,37
5148780,0,37,37
5148861,0,37,37
5157666,0,37,37
5157829,0,37,37
5157830,0,37,37
5158269,0,37,37
5158270,0,37,37
5158271,0,37,37
5159211,0,37,37
5164238,0,37,37
5164396,0,37,37
5164593,0,37,37
5164833,0,37,37
5165171,0,37,37
5166271,0,37,37
5166473,0,37,37
5166478,0,37,37
5166488,0,37,37
5166657,0,37,37
5169336,0,37,37
1001331,39,75,36
1085949,84,48,36
1090436,119,155,36
1090655,80,116,36
2124435,0,36,36
2127452,0,36,36
3015895,25,61,36
3036341,25,61,36
3054941,36,72,36
3061479,0,36,36
3062852,24,60,36
3067856,15,51,36
3070294,19,55,36
3072218,22,58,36
3073197,17,53,36
3073926,14,50,36
3073928,13,49,36
3077756,26,62,36
3083572,23,59,36
3116785,26,62,36
3116794,27,63,36
3116795,27,63,36
3136233,26,62,36
3140597,22,58,36
3150668,0,36,36
3324218,12,48,36
3345993,46,82,36
3393841,12,48,36
3398556,0,36,36
3400391,0,36,36
3413750,0,36,36
3416124,0,36,36
3418187,202,238,36
3418407,0,36,36
3420448,12,48,36
3421586,0,36,36
3422922,0,36,36
3425142,0,36,36
3425725,0,36,36
3426805,78,42,36
4000469,33,69,36
4004428,0,36,36
4081945,13,49,36
4115149,20,56,36
4116376,25,61,36
4140108,0,36,36
4294054,0,36,36
4449783,0,36,36
4586827,0,36,36
4587328,0,36,36
4596541,0,36,36
4596542,0,36,36
4596561,0,36,36
4596564,0,36,36
4607407,0,36,36
4607463,0,36,36
4617749,0,36,36
4617750,0,36,36
4617789,0,36,36
4619543,0,36,36
5080269,0,36,36
5087752,0,36,36
5126605,0,36,36
5126607,0,36,36
5148699,0,36,36
5148700,0,36,36
5148703,0,36,36
5148704,0,36,36
5148705,0,36,36
5148706,0,36,36
5148708,0,36,36
5148715,0,36,36
5148716,0,36,36
5148863,0,36,36
5148864,0,36,36
5148866,0,36,36
5157665,0,36,36
5158810,0,36,36
5159081,0,36,36
5159082,0,36,36
5159083,0,36,36
5159142,0,36,36
5159207,0,36,36
5159212,0,36,36
5159562,0,36,36
5161229,0,36,36
5161230,0,36,36
5163219,0,36,36
5164372,0,36,36
5164397,0,36,36
5164398,0,36,36
5164549,0,36,36
5164592,0,36,36
5164887,0,36,36
5164889,0,36,36
5164890,0,36,36
5165200,0,36,36
5165203,0,36,36
5166152,0,36,36
5166485,0,36,36
5166850,0,36,36
5166855,0,36,36
5168565,0,36,36
5169907,0,36,36
5170044,0,36,36
5170475,14,50,36
5171298,0,36,36
5171303,0,36,36
5171660,0,36,36
5171941,0,36,36
5171969,0,36,36
1001113,219,254,35
1007981,30,65,35
1090446,135,170,35
1090872,0,35,35
1795007,0,35,35
2056709,0,35,35
2111080,0,35,35
3007911,29,64,35
3009357,0,35,35
3013481,0,35,35
3014473,25,60,35
3015503,34,69,35
3032636,35,70,35
3036430,24,59,35
3051211,27,62,35
3068481,23,58,35
3069330,37,72,35
3072493,26,61,35
3094551,0,35,35
3119072,24,59,35
3139228,16,51,35
3139235,26,61,35
3139244,24,59,35
3139494,26,61,35
3140548,25,60,35
3171719,39,74,35
3205923,26,61,35
3331741,66,101,35
3335261,158,123,35
3335661,42,77,35
3337795,42,77,35
3398579,0,35,35
3404864,0,35,35
3412952,0,35,35
3413707,0,35,35
3421441,0,35,35
3421445,0,35,35
3425166,46,81,35
3425497,0,35,35
3425835,0,35,35
3426645,250,285,35
3426996,0,35,35
4050588,0,35,35
4079457,0,35,35
4173105,0,35,35
4214599,120,85,35
4215755,0,35,35
4220565,12,47,35
4311455,0,35,35
4438805,17,52,35
4439623,45,80,35
4464727,0,35,35
4465484,0,35,35
4541355,0,35,35
4546447,0,35,35
4595616,0,35,35
4596256,0,35,35
4596553,5,40,35
4607240,0,35,35
4607253,0,35,35
4607257,0,35,35
4607351,0,35,35
4607432,0,35,35
4616817,0,35,35
4617610,0,35,35
4617612,0,35,35
4617613,0,35,35
5054885,0,35,35
5090769,0,35,35
5122240,0,35,35
5122242,0,35,35
5148696,0,35,35
5148702,0,35,35
5148711,0,35,35
5148712,0,35,35
5148713,0,35,35
5148865,0,35,35
5157663,0,35,35
5158282,0,35,35
5158974,0,35,35
5158975,0,35,35
5158988,0,35,35
5159010,0,35,35
5159011,0,35,35
5159013,0,35,35
5159042,0,35,35
5159043,0,35,35
5159084,0,35,35
5159085,0,35,35
5159098,0,35,35
5159099,0,35,35
5159136,0,35,35
5159137,0,35,35
5159140,0,35,35
5159141,0,35,35
5159143,0,35,35
5159206,0,35,35
5159316,0,35,35
5164373,0,35,35
5164389,0,35,35
5164395,0,35,35
5164578,0,35,35
5164888,0,35,35
5165091,0,35,35
5165223,0,35,35
5166302,0,35,35
5166395,0,35,35
5166474,0,35,35
5166475,0,35,35
5166476,0,35,35
5166477,0,35,35
5166480,0,35,35
5166481,0,35,35
5166482,0,35,35
5166483,0,35,35
5166487,0,35,35
5166570,0,35,35
5166735,0,35,35
5166736,0,35,35
5166852,0,35,35
5166853,0,35,35
5168558,0,35,35
5169517,0,35,35
5170109,0,35,35
5170605,0,35,35
5170654,0,35,35
5171276,0,35,35
5171479,0,35,35
1056590,57,91,34
1090817,185,219,34
2028945,20,54,34
2127342,0,34,34
2127346,0,34,34
2127347,0,34,34
2127349,0,34,34
2127354,0,34,34
2127400,0,34,34
2127401,0,34,34
3000819,70,36,34
3029556,46,80,34
3060516,15,49,34
3063616,16,50,34
3069497,17,51,34
3069834,18,52,34
3071406,15,49,34
3076154,24,58,34
3107014,0,34,34
3116776,26,60,34
3116844,24,58,34
3116845,24,58,34
3139539,29,63,34
3139567,26,60,34
3139948,25,59,34
3140544,25,59,34
3140610,24,58,34
3209676,0,34,34
3248691,0,34,34
3325867,22,56,34
3338425,29,63,34
3421442,0,34,34
3421443,0,34,34
3421444,0,34,34
3421790,11,45,34
3422315,0,34,34
3425307,52,18,34
3425456,83,117,34
3425660,209,243,34
3425729,310,344,34
3425875,60,94,34
3426487,0,34,34
3426806,78,44,34
4006367,14,48,34
4006367,14,48,34
4006942,32,66,34
4009030,29,63,34
4014521,18,52,34
4101419,0,34,34
4116381,15,49,34
4121665,0,34,34
4134721,0,34,34
4136690,0,34,34
4139048,0,34,34
4162299,0,34,34
4534092,44,78,34
4541820,0,34,34
4541822,0,34,34
4543143,0,34,34
4543144,0,34,34
4578296,0,34,34
4595489,0,34,34
4595490,0,34,34
4595505,0,34,34
4595811,0,34,34
4607388,0,34,34
4607400,0,34,34
4607461,0,34,34
4607574,0,34,34
4614394,0,34,34
4615641,0,34,34
4615642,0,34,34
4615643,0,34,34
4617438,0,34,34
4617440,0,34,34
4617441,0,34,34
4617442,0,34,34
4617443,0,34,34
4617444,0,34,34
4617611,0,34,34
4617614,0,34,34
4618323,0,34,34
4618811,0,34,34
4619448,0,34,34
4620154,0,34,34
4620160,0,34,34
5025360,0,34,34
5044235,0,34,34
5141698,72,38,34
5159012,0,34,34
5159041,0,34,34
5159086,0,34,34
5159100,0,34,34
5159101,0,34,34
5160995,0,34,34
5164128,0,34,34
5164129,0,34,34
5164375,0,34,34
5164533,0,34,34
5164534,0,34,34
5164553,0,34,34
5164555,0,34,34
5164556,0,34,34
5164777,0,34,34
5164981,0,34,34
5165072,0,34,34
5165172,0,34,34
5166301,0,34,34
5166307,0,34,34
5166308,0,34,34
5166420,0,34,34
5166486,0,34,34
5166626,0,34,34
5166851,0,34,34
5169227,0,34,34
5169228,0,34,34
5169346,0,34,34
5169532,0,34,34
5169533,0,34,34
5170476,0,34,34
5171096,0,34,34
5171223,71,37,34
5171481,0,34,34
2010360,41,8,33
2023352,34,67,33
2127350,0,33,33
2127351,0,33,33
2127352,0,33,33
2127353,0,33,33
2127355,0,33,33
2127356,0,33,33
3005992,37,70,33
3009551,16,49,33
3013735,28,61,33
3015075,31,64,33
3015367,40,73,33
3018119,28,61,33
3023592,27,60,33
3030859,30,63,33
3033146,25,58,33
3039625,46,79,33
3040019,0,33,33
3042412,0,33,33
3049589,37,70,33
3055241,26,59,33
3065591,62,29,33
3070148,26,59,33
3072490,16,49,33
3076864,26,59,33
3099632,27,60,33
3116897,38,71,33
3125881,31,64,33
3140182,25,58,33
3140229,24,57,33
3330224,0,33,33
3395112,0,33,33
3397404,42,75,33
3399058,0,33,33
3421662,0,33,33
3424214,0,33,33
3425049,435,468,33
3425359,0,33,33
3426547,17,50,33
4044380,0,33,33
4081940,13,46,33
4112155,20,53,33
4116369,26,59,33
4179291,0,33,33
4195371,12,45,33
4257181,0,33,33
4311413,11,44,33
4533216,0,33,33
4567291,0,33,33
4587333,0,33,33
4594867,0,33,33
4607249,0,33,33
4607254,0,33,33
4607256,0,33,33
4607366,0,33,33
4607379,0,33,33
4607389,0,33,33
4607430,0,33,33
4607436,0,33,33
4607450,0,33,33
4607455,0,33,33
4610564,64,31,33
4615282,0,33,33
4617456,0,33,33
4620149,0,33,33
4620151,0,33,33
4798022,0,33,33
5045421,0,33,33
5073665,0,33,33
5075123,0,33,33
5081528,0,33,33
5087744,0,33,33
5112058,0,33,33
5142411,0,33,33
5148714,0,33,33
5158811,0,33,33
5158812,0,33,33
5158967,0,33,33
5158984,0,33,33
5159014,0,33,33
5159015,0,33,33
5159214,0,33,33
5164084,0,33,33
5164131,0,33,33
5164363,0,33,33
5164540,0,33,33
5164544,0,33,33
5164547,0,33,33
5164551,0,33,33
5164552,0,33,33
5164554,0,33,33
5164627,0,33,33
5164743,0,33,33
5164755,0,33,33
5164953,0,33,33
5164979,0,33,33
5164980,0,33,33
5164982,0,33,33
5165117,0,33,33
5165126,0,33,33
5166313,0,33,33
5166421,0,33,33
5167656,0,33,33
5167657,0,33,33
5167658,0,33,33
5169345,0,33,33
5169530,0,33,33
5169683,0,33,33
5170334,0,33,33
5170565,0,33,33
5171360,0,33,33
5799502,0,33,33
1007803,49,17,32
1054873,32,64,32
1090512,479,447,32
2057805,27,59,32
2115860,9,41,32
2127344,0,32,32
3005722,36,68,32
3007333,23,55,32
3014070,30,62,32
3019570,16,48,32
3028553,15,47,32
3033119,26,58,32
3043058,65,33,32
3056374,22,54,32
3061631,33,65,32
3082509,26,58,32
3108554,28,60,32
3120556,36,68,32
3121396,162,130,32
3135186,25,57,32
3137563,28,60,32
3138353,14,46,32
3139180,27,59,32
3140223,24,56,32
3140274,26,58,32
3140584,25,57,32
3140611,24,56,32
3143434,26,58,32
3243433,10,42,32
3247622,0,32,32
3325956,32,64,32
3328125,28,60,32
3330858,12,44,32
3331875,50,82,32
3397052,34,66,32
3398549,0,32,32
3399057,0,32,32
3414351,0,32,32
3421384,0,32,32
3421654,0,32,32
3421880,70,102,32
3424485,48,16,32
3424498,0,32,32
3424517,351,383,32
3425105,32,64,32
3425544,0,32,32
3426306,140,172,32
3426490,0,32,32
3428715,364,396,32
4000364,23,55,32
4012061,0,32,32
4037469,33,65,32
4042655,26,58,32
4058057,0,32,32
4082408,15,47,32
4110866,0,32,32
4159776,0,32,32
4294808,0,32,32
4542032,93,125,32
4542475,0,32,32
4607241,0,32,32
4607255,0,32,32
4607394,0,32,32
4607395,0,32,32
4607435,0,32,32
4607441,0,32,32
4607451,0,32,32
4607458,0,32,32
4607464,0,32,32
4607499,0,32,32
4607531,0,32,32
4608118,0,32,32
4617590,0,32,32
4618483,0,32,32
4618497,0,32,32
4618793,0,32,32
4620015,0,32,32
4620150,0,32,32
4620155,0,32,32
4798069,0,32,32
5045959,0,32,32
5049495,0,32,32
5049604,0,32,32
5054282,0,32,32
5065532,0,32,32
5067470,0,32,32
5075150,0,32,32
5105346,0,32,32
5117015,0,32,32
5142117,0,32,32
5151695,58,26,32
5159016,0,32,32
5159040,0,32,32
5159135,0,32,32
5160436,0,32,32
5163146,0,32,32
5164085,0,32,32
5164132,0,32,32
5164133,0,32,32
5164134,0,32,32
5164135,0,32,32
5164146,0,32,32
5164150,0,32,32
5164235,0,32,32
5164374,0,32,32
5164539,0,32,32
5164546,0,32,32
5164550,0,32,32
5164626,0,32,32
5164744,0,32,32
5164747,0,32,32
5164815,0,32,32
5164852,0,32,32
5164934,0,32,32
5164935,0,32,32
5164956,0,32,32
5164962,0,32,32
5164978,0,32,32
5165074,0,32,32
5166660,0,32,32
5166849,0,32,32
5167654,0,32,32
5167655,0,32,32
5167659,0,32,32
5169982,0,32,32
5170557,0,32,32
5170558,0,32,32
5170702,0,32,32
5170704,0,32,32
5171164,0,32,32
5172030,0,32,32
5172075,0,32,32
5174839,0,32,32
5175242,0,32,32
1003693,0,31,31
1003795,155,186,31
1090631,256,287,31
1090839,0,31,31
1090871,0,31,31
2011743,25,56,31
3000675,33,64,31
3002826,32,63,31
3006581,22,53,31
3008748,0,31,31
3031519,37,68,31
3033569,56,87,31
3044592,19,50,31
3061289,18,49,31
3073991,27,58,31
3100923,28,59,31
3116661,320,289,31
3139179,27,58,31
3139497,27,58,31
3139887,26,57,31
3140181,25,56,31
3249143,0,31,31
3251744,30,61,31
3322370,13,44,31
3332121,17,48,31
3332279,25,56,31
3342327,24,55,31
3422628,0,31,31
3423608,49,80,31
3424373,0,31,31
3426628,44,13,31
4004807,14,45,31
4010601,26,57,31
4066258,0,31,31
4095654,0,31,31
4115121,18,49,31
4121656,0,31,31
4136689,0,31,31
4542359,0,31,31
4570898,0,31,31
4593335,0,31,31
4596156,163,132,31
4596909,0,31,31
4607428,0,31,31
4607439,0,31,31
4607440,0,31,31
4607443,0,31,31
4607449,0,31,31
4607459,0,31,31
4607462,0,31,31
4607466,0,31,31
4607489,0,31,31
4607554,0,31,31
4607862,0,31,31
4607926,0,31,31
4609754,11,42,31
4614735,0,31,31
4617489,0,31,31
4617727,0,31,31
4618158,0,31,31
4618366,0,31,31
4620491,0,31,31
5031632,0,31,31
5041793,0,31,31
5042981,0,31,31
5046276,0,31,31
5064681,0,31,31
5074091,0,31,31
5077690,0,31,31
5142134,0,31,31
5162251,0,31,31
5162252,0,31,31
5164130,0,31,31
5164377,0,31,31
5164378,0,31,31
5164379,0,31,31
5164745,0,31,31
5164748,0,31,31
5164749,0,31,31
5164750,0,31,31
5164816,0,31,31
5164818,0,31,31
5164821,0,31,31
5164851,0,31,31
5164870,0,31,31
5164915,0,31,31
5164916,0,31,31
5164983,0,31,31
5165075,0,31,31
5165076,0,31,31
5166020,0,31,31
5166377,0,31,31
5166729,0,31,31
5166854,0,31,31
5170115,0,31,31
5170529,0,31,31
5170592,0,31,31
5172051,0,31,31
1013986,37,67,30
1060740,18,48,30
1090803,265,295,30
2001588,29,59,30
2003421,21,51,30
2011742,26,56,30
2094840,0,30,30
2124540,0,30,30
2127841,15,45,30
2128724,0,30,30
3011860,19,49,30
3014448,29,59,30
3044670,26,56,30
3056359,25,55,30
3136911,34,64,30
3139795,29,59,30
3139869,24,54,30
3398283,0,30,30
3398284,0,30,30
3400453,70,40,30
3414224,0,30,30
3426016,0,30,30
4007479,33,63,30
4060983,15,45,30
4111894,0,30,30
4112156,19,49,30
4156716,0,30,30
4163489,0,30,30
4290300,0,30,30
4542966,0,30,30
4586835,0,30,30
4596265,0,30,30
4605126,0,30,30
4607438,0,30,30
4607445,0,30,30
4607465,0,30,30
4607515,0,30,30
4615072,0,30,30
4615141,0,30,30
4615142,0,30,30
4618324,0,30,30
4618325,0,30,30
4619541,0,30,30
4619875,0,30,30
4620210,0,30,30
4623358,0,30,30
5048690,0,30,30
5151744,0,30,30
5158554,0,30,30
5162249,0,30,30
5164709,0,30,30
5164746,0,30,30
5164817,0,30,30
5164914,0,30,30
5164932,85,55,30
5164936,0,30,30
5165007,0,30,30
5165320,0,30,30
5165321,0,30,30
5165827,0,30,30
5165828,0,30,30
5166021,0,30,30
5166022,0,30,30
5166375,0,30,30
5166376,0,30,30
5166447,0,30,30
5167637,0,30,30
5169750,0,30,30
1001363,75,104,29
1090215,0,29,29
1090428,0,29,29
1090429,0,29,29
1090852,0,29,29
2092092,42,71,29
2117694,131,102,29
2124541,0,29,29
2127132,0,29,29
2128572,0,29,29
2129276,0,29,29
3023671,32,61,29
3054940,37,66,29
3069342,27,56,29
3072195,21,50,29
3073780,30,59,29
3119822,0,29,29
3135552,26,55,29
3140867,29,58,29
3143795,29,58,29
3325256,0,29,29
3387565,48,19,29
3396880,32,61,29
3398273,0,29,29
3398274,0,29,29
3398275,0,29,29
3398276,0,29,29
3398277,0,29,29
3398278,0,29,29
3398279,0,29,29
3398280,0,29,29
3398281,0,29,29
3398282,0,29,29
3398285,0,29,29
3398286,0,29,29
3398287,0,29,29
3398288,0,29,29
3398311,0,29,29
3398312,0,29,29
3398313,0,29,29
3399243,0,29,29
3399244,0,29,29
3399245,0,29,29
3399246,0,29,29
3399247,0,29,29
3399248,0,29,29
3399249,0,29,29
3418440,0,29,29
3425441,0,29,29
4101069,10,39,29
4109436,0,29,29
4109856,0,29,29
4109931,0,29,29
4112157,20,49,29
4112158,21,50,29
4115159,19,48,29
4116395,23,52,29
4139360,0,29,29
4163490,0,29,29
4283531,0,29,29
4542474,0,29,29
4596262,0,29,29
4596263,0,29,29
4597136,0,29,29
4607793,0,29,29
4607795,0,29,29
4607796,0,29,29
4607797,0,29,29
4615624,0,29,29
5000817,0,29,29
5050220,0,29,29
5158649,0,29,29
5159660,0,29,29
5162250,0,29,29
5164136,0,29,29
5166155,173,202,29
5166659,0,29,29
5167636,0,29,29
5169361,0,29,29
5170714,0,29,29
1060647,41,69,28
1060648,41,69,28
1090394,0,28,28
1091671,637,609,28
2127118,0,28,28
2127120,0,28,28
2129476,0,28,28
3028067,0,28,28
3062260,26,54,28
3069573,41,69,28
3138463,28,56,28
3152412,27,55,28
3398247,0,28,28
3398248,0,28,28
3398249,0,28,28
3398250,0,28,28
3398254,0,28,28
3398255,0,28,28
3398271,0,28,28
3398272,0,28,28
3398296,0,28,28
3398297,0,28,28
3398298,0,28,28
3398299,0,28,28
3398300,0,28,28
3398301,0,28,28
3398302,0,28,28
3398303,0,28,28
3398304,0,28,28
3398305,0,28,28
3398306,0,28,28
3398310,0,28,28
3398314,0,28,28
3398315,0,28,28
3398316,0,28,28
3398317,0,28,28
3398318,0,28,28
3398319,0,28,28
3398320,0,28,28
3398321,0,28,28
3398322,0,28,28
3398327,0,28,28
3398328,0,28,28
3398329,0,28,28
3398330,0,28,28
3398331,0,28,28
3399847,0,28,28
3404457,0,28,28
3404458,0,28,28
3404460,0,28,28
3414031,75,47,28
3424503,0,28,28
3426640,70,42,28
4081137,25,53,28
4107006,0,28,28
4120952,0,28,28
4125090,0,28,28
4139905,0,28,28
4257275,0,28,28
4439706,0,28,28
4558802,0,28,28
4594886,0,28,28
4596005,0,28,28
4596282,0,28,28
4597133,0,28,28
4597134,0,28,28
4597135,0,28,28
4605112,0,28,28
4607794,0,28,28
4608529,0,28,28
4617328,0,28,28
4619512,0,28,28
5089051,0,28,28
5089052,0,28,28
5158769,0,28,28
5162225,0,28,28
5162226,0,28,28
5162227,0,28,28
5162228,0,28,28
5163147,0,28,28
5164894,0,28,28
5164903,0,28,28
5165012,0,28,28
5165014,0,28,28
5165015,0,28,28
5169151,0,28,28
5170594,0,28,28
5170825,0,28,28
5171966,0,28,28
5171982,0,28,28
2026604,0,27,27
2127116,0,27,27
2128043,0,27,27
3006577,28,55,27
3071878,31,58,27
3319652,0,27,27
3336719,44,71,27
3345540,0,27,27
3398256,0,27,27
3398257,0,27,27
3398259,0,27,27
3398260,0,27,27
3398261,0,27,27
3398262,0,27,27
3398263,0,27,27
3398264,0,27,27
3398265,0,27,27
3398266,0,27,27
3398267,0,27,27
3398268,0,27,27
3398269,0,27,27
3398270,0,27,27
3398307,0,27,27
3398308,0,27,27
3398309,0,27,27
3398323,0,27,27
3398324,0,27,27
3398325,0,27,27
3398326,0,27,27
3404462,0,27,27
3404488,0,27,27
3404489,0,27,27
3424219,0,27,27
3426432,24,51,27
4106594,0,27,27
4108215,0,27,27
4315046,0,27,27
4595009,0,27,27
4595624,0,27,27
4595625,0,27,27
4595960,0,27,27
4597000,0,27,27
4608537,0,27,27
4615138,0,27,27
4617667,0,27,27
5141150,0,27,27
5165013,0,27,27
5165149,0,27,27
5166424,0,27,27
5166789,0,27,27
5169033,0,27,27
5170593,0,27,27
5171162,0,27,27
5171243,0,27,27
5171937,0,27,27
2116430,70,96,26
2129202,55,81,26
3072699,25,51,26
3378589,0,26,26
3404490,0,26,26
3404492,0,26,26
3404493,0,26,26
3418355,0,26,26
3418359,0,26,26
3418361,0,26,26
3418363,0,26,26
3418364,0,26,26
4010639,26,52,26
4105334,0,26,26
4255714,0,26,26
4262509,0,26,26
4265187,0,26,26
4292583,0,26,26
4449052,0,26,26
4538351,19,45,26
4546959,0,26,26
4594832,0,26,26
4594887,0,26,26
4595485,0,26,26
4596243,0,26,26
4596259,0,26,26
4607354,0,26,26
4607385,0,26,26
4607444,0,26,26
4607580,0,26,26
4607803,0,26,26
4617679,0,26,26
4619686,0,26,26
4619844,0,26,26
4620222,0,26,26
4798014,0,26,26
5087028,0,26,26
5122848,0,26,26
5164613,0,26,26
5164797,0,26,26
5165087,0,26,26
5165195,0,26,26
5169201,0,26,26
5799504,0,26,26
1090246,0,25,25
1090379,203,228,25
1090431,0,25,25
1090678,60,85,25
2057549,0,25,25
2100650,0,25,25
2124512,0,25,25
3083395,0,25,25
4038757,0,25,25
4055648,0,25,25
4105385,0,25,25
4152834,0,25,25
4312683,0,25,25
4529866,0,25,25
4541623,0,25,25
4542024,11,36,25
4542179,97,72,25
4594833,0,25,25
4594843,0,25,25
4596251,0,25,25
4607350,0,25,25
4607380,0,25,25
4607383,0,25,25
4607398,0,25,25
4607405,0,25,25
4607460,0,25,25
4607645,0,25,25
4615139,0,25,25
4620153,0,25,25
5165802,0,25,25
5799516,0,25,25
1013789,41,65,24
1090778,0,24,24
3009288,15,39,24
4068860,0,24,24
4543417,0,24,24
4543419,0,24,24
4585500,0,24,24
4596105,0,24,24
4607454,0,24,24
4607540,0,24,24
4615332,0,24,24
4615779,0,24,24
4619357,72,96,24
4619412,0,24,24
4620462,0,24,24
5062071,0,24,24
1090248,0,23,23
3329825,119,142,23
4114969,0,23,23
4596102,0,23,23
4607352,0,23,23
4607386,0,23,23
4607393,0,23,23
4607399,0,23,23
4618575,154,177,23
5053472,0,23,23
5109098,0,23,23
3085904,0,22,22
3213337,0,22,22
3325606,0,22,22
3425282,0,22,22
3425283,0,22,22
3425832,0,22,22
4543418,0,22,22
4549397,0,22,22
4596244,0,22,22
4607382,0,22,22
4607446,0,22,22
4617680,0,22,22
4619846,0,22,22
4619847,0,22,22
5154837,0,22,22
5166676,0,22,22
5170004,0,22,22
5170614,0,22,22
1090160,0,21,21
1090202,385,406,21
1090837,0,21,21
1090840,0,21,21
2028346,0,21,21
2128757,0,21,21
3135417,0,21,21
3338586,0,21,21
3425593,0,21,21
3425676,225,246,21
3426300,511,532,21
4430918,31,52,21
4458633,0,21,21
4596247,0,21,21
4614937,0,21,21
4615057,0,21,21
4619845,0,21,21
5036681,0,21,21
5084690,0,21,21
5164798,0,21,21
5164867,0,21,21
5164868,0,21,21
5171923,0,21,21
1088067,0,20,20
1089878,0,20,20
1090425,0,20,20
1090635,162,182,20
2129297,55,35,20
3102447,0,20,20
3129630,39,59,20
3421405,0,20,20
3425827,0,20,20
4546499,0,20,20
4597124,0,20,20
4615115,0,20,20
4615232,0,20,20
4615233,0,20,20
4615601,0,20,20
4615602,0,20,20
4616482,0,20,20
5073197,0,20,20
5164386,0,20,20
5166360,0,20,20
5170744,0,20,20
5799501,0,20,20
1090510,0,19,19
3222300,0,19,19
3379794,0,19,19
3425264,0,19,19
3425265,0,19,19
3425284,0,19,19
3426307,0,19,19
3426320,0,19,19
4570348,0,19,19
4596210,0,19,19
4597061,0,19,19
4597088,0,19,19
4614938,0,19,19
4615234,0,19,19
4615235,0,19,19
4615236,0,19,19
4615237,0,19,19
4615239,0,19,19
4615240,0,19,19
4615246,0,19,19
4615617,0,19,19
4615620,0,19,19
4615621,0,19,19
4615646,0,19,19
4617744,0,19,19
4618300,0,19,19
1090636,265,283,18
2026602,0,18,18
2046957,0,18,18
2127277,0,18,18
3009286,0,18,18
3083379,26,44,18
3398697,0,18,18
3414197,114,132,18
4230632,0,18,18
4458085,0,18,18
4523214,0,18,18
4539221,0,18,18
4596372,0,18,18
4597125,0,18,18
4614939,0,18,18
4614940,0,18,18
4615231,0,18,18
4615241,0,18,18
4615242,0,18,18
4615243,0,18,18
4615244,0,18,18
4615604,0,18,18
5069635,0,18,18
5164384,0,18,18
5171199,0,18,18
1006763,0,17,17
1090430,0,17,17
1090590,0,17,17
1090838,0,17,17
1090841,0,17,17
2000008,0,17,17
2023722,0,17,17
2129340,0,17,17
3042667,0,17,17
3213526,0,17,17
3425079,0,17,17
4307666,0,17,17
4458086,0,17,17
4492412,0,17,17
4518802,0,17,17
4528298,0,17,17
4596373,0,17,17
4615058,0,17,17
4615245,0,17,17
4615253,0,17,17
4615283,0,17,17
4618295,0,17,17
4619888,0,17,17
5125571,0,17,17
5127311,0,17,17
5127312,0,17,17
5127313,0,17,17
5127314,0,17,17
5127315,0,17,17
5139624,0,17,17
5162677,0,17,17
5169904,0,17,17
1085631,0,16,16
2128986,0,16,16
2128993,0,16,16
3380054,0,16,16
3426472,0,16,16
3426473,0,16,16
3426919,0,16,16
4062889,0,16,16
4112144,0,16,16
4262826,12,28,16
4531197,0,16,16
4538518,0,16,16
4538555,13,29,16
4542654,85,69,16
4546498,0,16,16
4556446,0,16,16
4596100,0,16,16
4615254,0,16,16
4615605,0,16,16
4615606,0,16,16
4615608,0,16,16
4618485,0,16,16
4618488,0,16,16
4618540,0,16,16
4619885,0,16,16
5169599,25,41,16
1052432,0,15,15
1090167,0,15,15
3113806,0,15,15
3335831,0,15,15
3337845,0,15,15
3425816,0,15,15
3426128,0,15,15
4048423,0,15,15
4216878,0,15,15
4306328,0,15,15
4594828,0,15,15
4594829,0,15,15
4608061,0,15,15
4615162,0,15,15
4615607,0,15,15
4615609,0,15,15
4615611,0,15,15
4618407,0,15,15
4619530,0,15,15
4619542,0,15,15
4619853,0,15,15
1024961,0,14,14
1090507,0,14,14
1090970,0,14,14
3048305,0,14,14
3386797,0,14,14
3424960,0,14,14
3424969,0,14,14
3425815,0,14,14
3425817,0,14,14
3425823,0,14,14
4287568,17,31,14
4288267,19,33,14
4488548,0,14,14
4489380,0,14,14
4519661,0,14,14
4531196,0,14,14
4538346,0,14,14
4538354,0,14,14
4597104,0,14,14
4597106,0,14,14
4604525,0,14,14
4618282,0,14,14
4618354,0,14,14
4618541,0,14,14
4619523,0,14,14
4619531,0,14,14
4619532,0,14,14
4619538,0,14,14
4619540,0,14,14
4619779,0,14,14
4619821,0,14,14
4619840,0,14,14
4619849,0,14,14
4619956,0,14,14
5142532,0,14,14
5169550,0,14,14
5171487,0,14,14
5171488,0,14,14
1060055,0,13,13
1086891,0,13,13
1089884,0,13,13
3223368,0,13,13
3329834,0,13,13
3400446,0,13,13
3425828,0,13,13
3426914,0,13,13
4212225,0,13,13
4255332,19,32,13
4257462,18,31,13
4287039,22,35,13
4484997,0,13,13
4530759,0,13,13
4538653,0,13,13
4542152,278,291,13
4593864,0,13,13
4597105,0,13,13
4618289,0,13,13
4618482,0,13,13
4619533,0,13,13
4619535,0,13,13
4619536,0,13,13
4619539,0,13,13
4619777,0,13,13
4619778,0,13,13
4623640,0,13,13
4623641,0,13,13
5158973,0,13,13
5166310,0,13,13
5169147,0,13,13
5169215,0,13,13
5170117,0,13,13
5170533,0,13,13
5171165,0,13,13
5171166,0,13,13
5171486,0,13,13
5171814,0,13,13
5171851,0,13,13
1082663,0,12,12
1083924,0,12,12
1090166,0,12,12
2015123,0,12,12
2086645,0,12,12
2088595,0,12,12
2123825,0,12,12
2127419,0,12,12
2128737,0,12,12
2129351,0,12,12
2129512,0,12,12
2129538,0,12,12
3042697,0,12,12
3415569,0,12,12
3418181,0,12,12
3425180,0,12,12
3425961,153,165,12
3426216,0,12,12
3426483,0,12,12
4280624,21,33,12
4603248,0,12,12
4605348,0,12,12
4607453,0,12,12
4610366,16,28,12
4615073,0,12,12
4615204,0,12,12
4615205,0,12,12
4616735,0,12,12
4617281,0,12,12
4618445,0,12,12
4618484,0,12,12
4619092,0,12,12
4619093,0,12,12
4619524,0,12,12
4619525,0,12,12
4619526,0,12,12
4619528,0,12,12
4619776,0,12,12
4620263,0,12,12
4795033,62,50,12
5140368,0,12,12
5144501,0,12,12
5153475,0,12,12
5155083,0,12,12
5157072,0,12,12
5157073,0,12,12
5159661,0,12,12
5164984,0,12,12
5164986,0,12,12
5170532,0,12,12
5170595,0,12,12
5171161,0,12,12
5171480,0,12,12
5171485,0,12,12
5171489,0,12,12
5171739,0,12,12
5171919,0,12,12
5172069,0,12,12
1001991,0,11,11
1003822,0,11,11
1078922,0,11,11
1090505,0,11,11
1090508,0,11,11
2006919,0,11,11
2102886,0,11,11
2128643,0,11,11
2128705,0,11,11
2128710,0,11,11
2128990,0,11,11
2129051,0,11,11
2129054,0,11,11
3043197,29,40,11
3425025,0,11,11
3425027,0,11,11
3425945,0,11,11
3426249,0,11,11
3426486,0,11,11
3426758,0,11,11
4002322,0,11,11
4280470,18,29,11
4280773,18,29,11
4287092,18,29,11
4454843,0,11,11
4522052,0,11,11
4546500,0,11,11
4547272,0,11,11
4606041,0,11,11
4606616,0,11,11
4615208,0,11,11
4617333,0,11,11
4620218,0,11,11
5164985,0,11,11
5169164,0,11,11
5170508,0,11,11
5171160,0,11,11
1089861,0,10,10
1090517,0,10,10
2024794,0,10,10
2126612,0,10,10
2128688,0,10,10
2129338,0,10,10
3037822,0,10,10
3322112,0,10,10
3424088,0,10,10
3425824,0,10,10
3425825,0,10,10
3427002,0,10,10
4280937,18,28,10
4287052,21,31,10
4287056,17,27,10
4449978,0,10,10
4513918,10,20,10
4555040,0,10,10
4562049,0,10,10
4605354,0,10,10
4615210,0,10,10
4615592,0,10,10
4615625,0,10,10
4615696,0,10,10
4617738,0,10,10
4617938,0,10,10
4617939,0,10,10
4617940,0,10,10
4618446,0,10,10
4620619,0,10,10
5156988,0,10,10
5169222,0,10,10
5169321,0,10,10
5170513,0,10,10
1090971,0,9,9
2006991,0,9,9
2101565,0,9,9
2127430,42,51,9
2128743,0,9,9
2129349,0,9,9
3399408,0,9,9
3399410,0,9,9
3399967,0,9,9
4280770,24,33,9
4282984,22,31,9
4283092,22,31,9
4508847,12,21,9
4519813,0,9,9
4614944,0,9,9
4617192,0,9,9
5167676,0,9,9
5169217,0,9,9
5169741,0,9,9
1088258,0,8,8
1090509,0,8,8
1795027,0,8,8
2123238,0,8,8
2128988,0,8,8
3380793,0,8,8
4280932,20,28,8
4282981,23,31,8
4283869,22,30,8
4283874,22,30,8
4439598,0,8,8
4513680,9,17,8
4514003,13,21,8
4519691,0,8,8
4593579,10,18,8
4607809,0,8,8
4615044,0,8,8
4618364,0,8,8
4795034,0,8,8
5159977,0,8,8
5170352,0,8,8
1084590,0,7,7
1086433,0,7,7
1795001,0,7,7
1795013,0,7,7
3421317,0,7,7
4282825,22,29,7
4282880,23,30,7
4569136,10,17,7
5169218,0,7,7
1795020,0,6,6
4282941,21,27,6
4513676,13,19,6
4528371,10,16,6
5169219,0,6,6
1090200,147,152,5
4282683,21,26,5
4282942,22,27,5
4282946,22,27,5
4282980,23,28,5
4514147,11,16,5
4569134,12,17,5
4569327,9,14,5
4593363,19,24,5
4435065,12,16,4
4513932,10,14,4
4614485,12,16,4
4615474,9,13,4
1007803,49,46,3
4037077,22,25,3
4508539,10,13,3
4611564,11,14,3
4026844,17,19,2
4283838,26,28,2
