BIN,height_roof,update,delta
1088961,0,1265,1265
1089972,0,998,998
1088797,125,1064,939
1089411,0,904,904
1090526,0,781,781
1089428,187,919,732
1090115,0,727,727
1090233,0,691,691
1090495,63,741,678
3329438,0,620,620
1089722,0,609,609
1089791,0,595,595
1090642,0,553,553
1089803,0,533,533
1088841,0,497,497
4003487,133,598,465
1089701,0,456,456
1089723,0,456,456
1090190,0,444,444
1034346,54,493,439
1090174,0,424,424
1090158,0,412,412
3413765,0,407,407
1043853,67,464,397
1090711,0,387,387
1090574,0,361,361
1075787,396,42,354
1089716,0,336,336
3397861,146,469,323
1089717,0,322,322
1090397,0,321,321
1001244,41,362,321
4607280,0,319,319
3426433,0,314,314
1090920,0,313,313
1090472,0,303,303
3398591,56,348,292
1058657,52,333,281
1087911,47,326,279
3426946,0,263,263
1090417,0,260,260
4596992,278,18,260
1085726,18,274,256
1090463,0,252,252
1091585,0,252,252
3114633,0,242,242
1089688,0,240,240
1038564,151,387,236
1090545,0,235,235
1051260,0,233,233
4617681,0,233,233
1090946,0,232,232
1083353,256,26,230
1091590,1268,1039,229
1089762,0,225,225
1086088,396,175,221
1090528,0,219,219
1090546,0,215,215
3002104,0,213,213
1046293,0,210,210
1089956,77,287,210
2128547,241,31,210
1089382,0,207,207
3348849,57,260,203
1013572,51,249,198
1090399,0,193,193
3000250,49,242,193
1090009,21,213,192
4618203,0,190,190
3000479,26,215,189
1090416,95,284,189
4618349,0,184,184
1089880,0,176,176
1089474,0,173,173
3424448,0,172,172
1001105,90,262,172
4454730,194,23,171
1090203,0,170,170
1090761,0,170,170
1088687,0,168,168
1089703,0,165,165
1090671,165,329,164
3426146,0,162,162
4113393,0,162,162
4619928,10,172,162
1088982,0,161,161
3413929,0,161,161
3426518,0,160,160
4003502,14,172,158
2128557,0,157,157
1088303,0,150,150
3414138,0,150,150
1054682,60,210,150
1014279,0,149,149
4005023,38,187,149
1090879,0,144,144
4541428,0,144,144
1089833,205,349,144
4596827,19,163,144
1090878,0,143,143
1090686,189,48,141
4213968,81,222,141
1090688,189,49,140
1046253,381,241,140
2128970,0,139,139
4005015,24,162,138
2128549,241,103,138
2127284,0,136,136
2128550,241,105,136
1015729,95,231,136
3413894,0,135,135
3424573,0,135,135
2004285,0,134,134
3426833,0,134,134
4113552,0,134,134
2129358,0,133,133
1079033,73,206,133
1083034,0,132,132
2128548,241,109,132
1079032,74,206,132
3425612,0,131,131
1013491,39,170,131
3416956,0,128,128
1089387,21,149,128
3397262,0,127,127
3401675,0,127,127
3000249,18,144,126
1089961,0,125,125
3029639,52,177,125
3421409,0,124,124
3426616,60,182,122
1089837,0,121,121
4607281,290,169,121
2127131,0,120,120
3398446,0,118,118
3400722,0,118,118
4615173,250,132,118
4005129,0,116,116
1090164,0,115,115
2128327,0,114,114
4617434,0,114,114
1089832,0,111,111
1090118,0,111,111
4615211,0,111,111
1084666,0,110,110
1087858,0,110,110
1018013,145,255,110
4004953,0,108,108
3403907,29,137,108
1090338,0,107,107
1089785,0,106,106
1090537,0,106,106
1001937,108,213,105
3425163,0,104,104
4004411,0,103,103
4000746,31,134,103
1090398,0,101,101
3426069,0,101,101
1001063,147,248,101
2129282,237,136,101
1088748,28,128,100
1007348,0,99,99
1090484,0,99,99
3426652,0,99,99
3393703,15,114,99
2130601,80,179,99
1089859,0,98,98
1090822,0,98,98
3010007,0,98,98
4618757,0,98,98
4619556,0,98,98
1089931,58,156,98
3138223,149,51,98
3072742,30,128,98
3335934,40,137,97
1090488,0,96,96
4538749,0,96,96
3426227,0,95,95
1012975,25,120,95
1089838,0,93,93
3061527,16,109,93
1090444,0,92,92
4212276,0,92,92
1038914,0,91,91
3027918,0,91,91
3329802,0,91,91
3426593,0,91,91
4570298,0,91,91
4798016,0,91,91
2104250,115,24,91
1090470,0,90,90
2120270,0,90,90
3124035,0,90,90
2114490,30,120,90
4539692,26,116,90
4617184,0,89,89
3413702,0,88,88
3062015,110,22,88
2117981,0,87,87
4223677,0,87,87
4597303,0,87,87
4619762,0,87,87
4798019,0,87,87
1001487,15,102,87
1081314,132,219,87
1088645,0,86,86
1090182,0,86,86
1090496,0,86,86
3397203,0,86,86
3425887,0,86,86
3426859,0,86,86
3118894,12,98,86
2001004,12,98,86
1089362,0,85,85
1090308,0,85,85
3418146,0,85,85
1015022,63,148,85
1090696,0,84,84
3057245,0,84,84
3425625,0,84,84
4619269,17,101,84
1089378,0,83,83
2127296,0,83,83
3413772,0,83,83
3418147,0,83,83
3421795,0,83,83
3425583,0,83,83
3425584,0,83,83
4594151,0,83,83
4618244,0,83,83
3420391,73,156,83
1090159,0,82,82
1090420,0,82,82
2129071,0,82,82
3418229,0,82,82
3424758,0,82,82
4005987,0,82,82
4615090,0,82,82
3426952,123,41,82
3072744,15,97,82
1043908,0,81,81
1043909,0,81,81
1090588,0,81,81
3034838,0,81,81
3418148,0,81,81
3421640,0,81,81
3425148,0,81,81
4001769,0,81,81
4798021,0,81,81
1013652,155,236,81
3018775,13,94,81
1088291,0,80,80
4596012,0,80,80
4607791,0,80,80
4619191,0,80,80
4798020,0,80,80
3181120,14,94,80
3111280,15,95,80
4005366,21,101,80
4032013,16,96,80
2129325,0,79,79
3418184,0,79,79
3425151,0,79,79
3426479,0,79,79
4542666,0,79,79
4543408,0,79,79
4618810,0,79,79
4798023,0,79,79
3204947,12,91,79
3397047,13,92,79
1089936,197,118,79
1090299,0,78,78
1090433,0,78,78
3068650,0,78,78
3116041,0,78,78
3418179,0,78,78
4547623,0,78,78
3068012,15,93,78
1091569,196,274,78
1088494,28,106,78
3426951,123,45,78
1090245,0,77,77
1090789,0,77,77
1090877,0,77,77
3063664,0,77,77
3396814,0,77,77
3424177,0,77,77
3425092,0,77,77
1088551,47,124,77
1089911,0,76,76
1090098,0,76,76
1090144,0,76,76
1090330,0,76,76
2128906,0,76,76
3083106,0,76,76
3422385,0,76,76
4619948,0,76,76
1089989,0,75,75
1090855,0,75,75
2129010,0,75,75
3162372,0,75,75
3397186,0,75,75
3421878,0,75,75
3426513,0,75,75
3429218,0,75,75
1088371,0,74,74
3118449,0,74,74
4607377,0,74,74
3139741,13,87,74
4080234,18,92,74
4540141,21,95,74
1090324,0,73,73
2128714,0,73,73
3418166,0,73,73
3418180,0,73,73
3418255,0,73,73
3425097,0,73,73
3425138,0,73,73
3425997,0,73,73
2124470,0,72,72
2127297,0,72,72
3397213,0,72,72
3413941,0,72,72
3425540,0,72,72
4617653,0,72,72
5113073,0,72,72
4006365,15,87,72
3070879,13,85,72
1089346,56,128,72
3424212,0,71,71
3426839,0,71,71
4617739,0,71,71
1008760,17,88,71
3335899,209,280,71
1090640,0,70,70
3064043,0,70,70
3415745,0,70,70
3418231,0,70,70
3424168,0,70,70
3425147,0,70,70
3421826,10,80,70
1012290,64,134,70
3116055,14,84,70
1002735,86,156,70
3420465,10,80,70
1026799,0,69,69
1089737,0,69,69
2128483,0,69,69
3421828,0,69,69
3006603,33,102,69
3335871,164,95,69
2129132,210,279,69
1052559,16,85,69
1089849,0,68,68
1090432,0,68,68
3421638,0,68,68
3426290,0,68,68
4539318,0,68,68
3116577,15,83,68
1004520,0,67,67
1090849,0,67,67
3054992,0,67,67
3413699,0,67,67
3421476,0,67,67
4042512,0,67,67
3426388,154,87,67
3426400,120,53,67
3413700,10,77,67
2127004,0,66,66
2128217,0,66,66
4618316,0,66,66
1089665,0,65,65
1090323,0,65,65
1090715,0,65,65
2124647,0,65,65
2128434,0,65,65
3321438,0,65,65
3414239,0,65,65
3421390,0,65,65
3421391,0,65,65
3425781,0,65,65
3426381,0,65,65
4539959,0,65,65
4540385,0,65,65
4542690,0,65,65
4542691,0,65,65
4602519,0,65,65
4602520,0,65,65
1090418,0,64,64
3398333,0,64,64
3412823,0,64,64
3424206,0,64,64
3425850,0,64,64
3426017,0,64,64
4539161,0,64,64
4540384,0,64,64
4602517,0,64,64
4602518,0,64,64
4602521,0,64,64
4607260,0,64,64
4615270,0,64,64
3127540,0,63,63
3413708,0,63,63
3414019,0,63,63
3424423,0,63,63
3424705,0,63,63
3425017,0,63,63
3428624,0,63,63
1089839,0,62,62
3034762,0,62,62
3425099,0,62,62
3425474,0,62,62
3426799,0,62,62
4006702,0,62,62
1089764,0,61,61
1089870,0,61,61
3003198,0,61,61
3075151,0,61,61
3413764,0,61,61
3413886,0,61,61
3425733,0,61,61
4617858,0,61,61
5165933,0,61,61
5171652,0,61,61
1089763,0,60,60
2129352,0,60,60
3323805,0,60,60
3398251,0,60,60
3398372,0,60,60
3398447,0,60,60
3425495,0,60,60
3000027,0,59,59
3005772,0,59,59
3398258,0,59,59
3398370,0,59,59
3398374,0,59,59
3411555,0,59,59
3411556,0,59,59
3411557,0,59,59
3414822,0,59,59
3418333,0,59,59
3425072,0,59,59
4593930,0,59,59
4614610,0,59,59
3071068,0,58,58
3414272,0,58,58
3425073,0,58,58
3426392,0,58,58
1002429,0,57,57
1089856,0,57,57
3069833,0,57,57
3326367,0,57,57
3335779,0,57,57
3398368,0,57,57
3413814,0,57,57
3421647,0,57,57
3424127,0,57,57
3425144,0,57,57
3425145,0,57,57
3425354,0,57,57
1089765,0,56,56
1089855,0,56,56
1089857,0,56,56
1090854,0,56,56
2124443,0,56,56
3074700,0,56,56
3414016,0,56,56
3414231,0,56,56
3425389,0,56,56
5170474,0,56,56
1089690,0,55,55
1089766,0,55,55
2004721,0,55,55
2129068,0,55,55
3018499,0,55,55
3026512,0,55,55
3056277,0,55,55
3393163,0,55,55
3421395,0,55,55
3425996,0,55,55
3426480,0,55,55
3426489,0,55,55
4607300,0,55,55
4616405,0,55,55
4618922,0,55,55
2128617,0,54,54
2129522,0,54,54
3006423,0,54,54
3050683,0,54,54
3413883,0,54,54
3414013,0,54,54
3425146,0,54,54
3425462,0,54,54
3426028,0,54,54
3426280,0,54,54
4607562,0,54,54
4618535,0,54,54
1090506,0,53,53
3060746,0,53,53
3067868,0,53,53
3072697,0,53,53
3402994,0,53,53
3424562,0,53,53
3425080,0,53,53
3425143,0,53,53
3425431,0,53,53
3425992,0,53,53
4006691,0,53,53
4040550,0,53,53
4048613,0,53,53
4607828,0,53,53
3006835,0,52,52
3014830,0,52,52
3018891,0,52,52
3324975,0,52,52
3398448,0,52,52
3413945,0,52,52
4607503,0,52,52
1048704,0,51,51
3009515,0,51,51
3043264,0,51,51
3414215,0,51,51
3414216,0,51,51
3418155,0,51,51
3424611,0,51,51
4304427,0,51,51
4611197,0,51,51
4618215,0,51,51
1089848,0,50,50
1089854,0,50,50
3021043,0,50,50
3040213,0,50,50
3075152,0,50,50
3248653,0,50,50
3400571,0,50,50
3400572,0,50,50
3413433,0,50,50
3413434,0,50,50
3413435,0,50,50
3413436,0,50,50
3413437,0,50,50
3414217,0,50,50
3425867,0,50,50
4431624,0,50,50
4597143,0,50,50
4618509,0,50,50
3004557,0,49,49
3078582,0,49,49
3136390,0,49,49
3325789,0,49,49
3397932,0,49,49
3400565,0,49,49
3400568,0,49,49
3409567,0,49,49
3424550,0,49,49
3426800,0,49,49
3426973,0,49,49
4541587,0,49,49
4596376,0,49,49
4596565,0,49,49
4607414,0,49,49
4607744,0,49,49
2128901,0,48,48
2129004,0,48,48
2129330,0,48,48
3072176,0,48,48
3073929,0,48,48
3400428,0,48,48
3418256,0,48,48
3418342,0,48,48
3421404,0,48,48
3421743,0,48,48
3422383,0,48,48
3424730,0,48,48
3425003,0,48,48
4044475,0,48,48
4112184,0,48,48
4541586,0,48,48
4596289,0,48,48
4596290,0,48,48
4596352,0,48,48
4596377,0,48,48
4607419,0,48,48
4607469,0,48,48
5170488,0,48,48
2124526,0,47,47
2128902,0,47,47
3054673,0,47,47
3065339,0,47,47
3398821,0,47,47
3424255,0,47,47
3425100,0,47,47
3425608,0,47,47
3426052,0,47,47
4596291,0,47,47
4596351,0,47,47
4615148,0,47,47
4617195,0,47,47
4618542,0,47,47
4618543,0,47,47
4618849,0,47,47
4798068,0,47,47
5158987,0,47,47
5164530,0,47,47
5166305,0,47,47
1000039,0,46,46
2124631,0,46,46
2128702,0,46,46
2128903,0,46,46
3039122,0,46,46
3049908,0,46,46
3064031,0,46,46
3072175,0,46,46
3076359,0,46,46
3403056,0,46,46
3403058,0,46,46
3403059,0,46,46
3421678,0,46,46
3424069,0,46,46
3426038,0,46,46
3426478,0,46,46
3426481,0,46,46
3426482,0,46,46
4596260,0,46,46
4596294,0,46,46
4596295,0,46,46
4596353,0,46,46
4607929,0,46,46
4622985,0,46,46
4798015,0,46,46
1090771,0,45,45
2124630,0,45,45
3015912,0,45,45
3125923,0,45,45
3404999,0,45,45
3422234,0,45,45
4047641,0,45,45
4156170,0,45,45
4541230,0,45,45
4596375,0,45,45
4596378,0,45,45
4596562,0,45,45
4616402,0,45,45
4617562,0,45,45
5151970,0,45,45
5171653,0,45,45
2127006,0,44,44
3023295,0,44,44
3024096,0,44,44
3136008,0,44,44
3251772,0,44,44
3322632,0,44,44
3336224,0,44,44
3403522,0,44,44
3413602,0,44,44
3414006,0,44,44
3425103,0,44,44
3425139,0,44,44
3425353,0,44,44
3425755,0,44,44
3426477,0,44,44
3426899,0,44,44
4596354,0,44,44
4596563,0,44,44
4597019,0,44,44
4618751,0,44,44
5171220,0,44,44
1090427,0,43,43
3010807,0,43,43
3048064,0,43,43
3072876,0,43,43
3398129,0,43,43
3398234,0,43,43
3398577,0,43,43
3424462,0,43,43
3424490,0,43,43
3424968,0,43,43
4010163,0,43,43
4044745,0,43,43
4113936,0,43,43
4594865,0,43,43
4594866,0,43,43
4607892,0,43,43
4618739,0,43,43
4618740,0,43,43
4618743,0,43,43
4618745,0,43,43
4618749,0,43,43
4618753,0,43,43
4618756,0,43,43
5164385,0,43,43
5168749,0,43,43
5169496,0,43,43
5171291,0,43,43
1080207,0,42,42
1090247,0,42,42
3191879,0,42,42
3413686,0,42,42
3413687,0,42,42
3418210,0,42,42
3424594,0,42,42
4006077,0,42,42
4539536,0,42,42
4539537,0,42,42
4539538,0,42,42
4596343,0,42,42
4607341,0,42,42
4607396,0,42,42
4607928,0,42,42
4618434,0,42,42
4618733,0,42,42
4618737,0,42,42
4618738,0,42,42
4618741,0,42,42
4618742,0,42,42
4618744,0,42,42
4618748,0,42,42
4618750,0,42,42
4618752,0,42,42
4618754,0,42,42
4618755,0,42,42
4798017,0,42,42
5015180,0,42,42
5037186,0,42,42
5799505,0,42,42
2077865,0,41,41
2127602,0,41,41
2128712,0,41,41
3400412,0,41,41
3418211,0,41,41
3422546,0,41,41
4307043,0,41,41
4539539,0,41,41
4594868,0,41,41
4596344,0,41,41
4596345,0,41,41
4596383,0,41,41
4596386,0,41,41
4596388,0,41,41
4596389,0,41,41
4596390,0,41,41
4596393,0,41,41
4596399,0,41,41
4611190,0,41,41
4616958,0,41,41
4617615,0,41,41
4618736,0,41,41
5164885,0,41,41
5799515,0,41,41
2077866,0,40,40
2124625,0,40,40
2127514,0,40,40
2128205,0,40,40
3166969,0,40,40
3168526,0,40,40
3399417,0,40,40
4050555,0,40,40
4596293,0,40,40
4596337,0,40,40
4596338,0,40,40
4596387,0,40,40
4596391,0,40,40
4596392,0,40,40
4596397,0,40,40
4596398,0,40,40
4616959,0,40,40
4616960,0,40,40
4617788,0,40,40
5023333,0,40,40
5170536,0,40,40
5171476,0,40,40
1090426,0,39,39
1090864,0,39,39
2127513,0,39,39
3128635,0,39,39
3254425,0,39,39
3346449,0,39,39
3425155,0,39,39
4596927,0,39,39
4607412,0,39,39
4607651,0,39,39
4616937,0,39,39
4616942,0,39,39
4616954,0,39,39
4616961,0,39,39
4616962,0,39,39
5045713,0,39,39
5068198,0,39,39
5109485,0,39,39
5159539,0,39,39
5165037,0,39,39
5169045,0,39,39
5174603,0,39,39
5799509,0,39,39
5799523,0,39,39
2127340,0,38,38
2127341,0,38,38
2127343,0,38,38
2127345,0,38,38
2127348,0,38,38
2127357,0,38,38
2127398,0,38,38
2127738,0,38,38
3056252,0,38,38
3413740,0,38,38
3413749,0,38,38
4168452,0,38,38
4539540,0,38,38
4541527,0,38,38
4596292,0,38,38
4611191,0,38,38
4616910,0,38,38
4616924,0,38,38
4616925,0,38,38
4616926,0,38,38
4616927,0,38,38
4616939,0,38,38
5022669,0,38,38
5109468,0,38,38
5148709,0,38,38
5148710,0,38,38
5148717,0,38,38
5148862,0,38,38
5157664,0,38,38
5157827,0,38,38
5157828,0,38,38
5157831,0,38,38
5158272,0,38,38
5164594,0,38,38
5166479,0,38,38
5166848,0,38,38
5169015,0,38,38
5169016,0,38,38
5169901,0,38,38
5171984,0,38,38
1075697,0,37,37
1795044,0,37,37
2124624,0,37,37
2127339,0,37,37
2127397,0,37,37
2127399,0,37,37
2129273,0,37,37
3009227,0,37,37
3426011,0,37,37
4008506,0,37,37
4149155,0,37,37
4170192,0,37,37
4213063,0,37,37
4587323,0,37,37
4596132,0,37,37
4596556,0,37,37
4596557,0,37,37
4607422,0,37,37
4607764,0,37,37
4607883,0,37,37
4615984,0,37,37
5003023,0,37,37
5017365,0,37,37
5082355,0,37,37
5084328,0,37,37
5087217,0,37,37
5148694,0,37,37
5148695,0,37,37
5148697,0,37,37
5148701,0,37,37
5148707,0,37,37
5148718,0,37,37
5148779,0,37,37
5148780,0,37,37
5148861,0,37,37
5157666,0,37,37
5157829,0,37,37
5157830,0,37,37
5158269,0,37,37
5158270,0,37,37
5158271,0,37,37
5159211,0,37,37
5164238,0,37,37
5164396,0,37,37
5164593,0,37,37
5164833,0,37,37
5165171,0,37,37
5166271,0,37,37
5166473,0,37,37
5166478,0,37,37
5166488,0,37,37
5166657,0,37,37
5169336,0,37,37
2124435,0,36,36
2127452,0,36,36
3061479,0,36,36
3150668,0,36,36
3398556,0,36,36
3400391,0,36,36
3413750,0,36,36
3416124,0,36,36
3418407,0,36,36
3421586,0,36,36
3422922,0,36,36
3425142,0,36,36
3425725,0,36,36
4004428,0,36,36
4140108,0,36,36
4294054,0,36,36
4449783,0,36,36
4586827,0,36,36
4587328,0,36,36
4596541,0,36,36
4596542,0,36,36
4596561,0,36,36
4596564,0,36,36
4607407,0,36,36
4607463,0,36,36
4617749,0,36,36
4617750,0,36,36
4617789,0,36,36
4619543,0,36,36
5080269,0,36,36
5087752,0,36,36
5126605,0,36,36
5126607,0,36,36
5148699,0,36,36
5148700,0,36,36
5148703,0,36,36
5148704,0,36,36
5148705,0,36,36
5148706,0,36,36
5148708,0,36,36
5148715,0,36,36
5148716,0,36,36
5148863,0,36,36
5148864,0,36,36
5148866,0,36,36
5157665,0,36,36
5158810,0,36,36
5159081,0,36,36
5159082,0,36,36
5159083,0,36,36
5159142,0,36,36
5159207,0,36,36
5159212,0,36,36
5159562,0,36,36
5161229,0,36,36
5161230,0,36,36
5163219,0,36,36
5164372,0,36,36
5164397,0,36,36
5164398,0,36,36
5164549,0,36,36
5164592,0,36,36
5164887,0,36,36
5164889,0,36,36
5164890,0,36,36
5165200,0,36,36
5165203,0,36,36
5166152,0,36,36
5166485,0,36,36
5166850,0,36,36
5166855,0,36,36
5168565,0,36,36
5169907,0,36,36
5170044,0,36,36
5171298,0,36,36
5171303,0,36,36
5171660,0,36,36
5171941,0,36,36
5171969,0,36,36
1090872,0,35,35
1795007,0,35,35
2056709,0,35,35
2111080,0,35,35
3009357,0,35,35
3013481,0,35,35
3094551,0,35,35
3398579,0,35,35
3404864,0,35,35
3412952,0,35,35
3413707,0,35,35
3421441,0,35,35
3421445,0,35,35
3425497,0,35,35
3425835,0,35,35
3426996,0,35,35
4050588,0,35,35
4079457,0,35,35
4173105,0,35,35
4215755,0,35,35
4311455,0,35,35
4464727,0,35,35
4465484,0,35,35
4541355,0,35,35
4546447,0,35,35
4595616,0,35,35
4596256,0,35,35
4607240,0,35,35
4607253,0,35,35
4607257,0,35,35
4607351,0,35,35
4607432,0,35,35
4616817,0,35,35
4617610,0,35,35
4617612,0,35,35
4617613,0,35,35
5054885,0,35,35
5090769,0,35,35
5122240,0,35,35
5122242,0,35,35
5148696,0,35,35
5148702,0,35,35
5148711,0,35,35
5148712,0,35,35
5148713,0,35,35
5148865,0,35,35
5157663,0,35,35
5158282,0,35,35
5158974,0,35,35
5158975,0,35,35
5158988,0,35,35
5159010,0,35,35
5159011,0,35,35
5159013,0,35,35
5159042,0,35,35
5159043,0,35,35
5159084,0,35,35
5159085,0,35,35
5159098,0,35,35
5159099,0,35,35
5159136,0,35,35
5159137,0,35,35
5159140,0,35,35
5159141,0,35,35
5159143,0,35,35
5159206,0,35,35
5159316,0,35,35
5164373,0,35,35
5164389,0,35,35
5164395,0,35,35
5164578,0,35,35
5164888,0,35,35
5165091,0,35,35
5165223,0,35,35
5166302,0,35,35
5166395,0,35,35
5166474,0,35,35
5166475,0,35,35
5166476,0,35,35
5166477,0,35,35
5166480,0,35,35
5166481,0,35,35
5166482,0,35,35
5166483,0,35,35
5166487,0,35,35
5166570,0,35,35
5166735,0,35,35
5166736,0,35,35
5166852,0,35,35
5166853,0,35,35
5168558,0,35,35
5169517,0,35,35
5170109,0,35,35
5170605,0,35,35
5170654,0,35,35
5171276,0,35,35
5171479,0,35,35
2127342,0,34,34
2127346,0,34,34
2127347,0,34,34
2127349,0,34,34
2127354,0,34,34
2127400,0,34,34
2127401,0,34,34
3107014,0,34,34
3209676,0,34,34
3248691,0,34,34
3421442,0,34,34
3421443,0,34,34
3421444,0,34,34
3422315,0,34,34
3426487,0,34,34
4101419,0,34,34
4121665,0,34,34
4134721,0,34,34
4136690,0,34,34
4139048,0,34,34
4162299,0,34,34
4541820,0,34,34
4541822,0,34,34
4543143,0,34,34
4543144,0,34,34
4578296,0,34,34
4595489,0,34,34
4595490,0,34,34
4595505,0,34,34
4595811,0,34,34
4607388,0,34,34
4607400,0,34,34
4607461,0,34,34
4607574,0,34,34
4614394,0,34,34
4615641,0,34,34
4615642,0,34,34
4615643,0,34,34
4617438,0,34,34
4617440,0,34,34
4617441,0,34,34
4617442,0,34,34
4617443,0,34,34
4617444,0,34,34
4617611,0,34,34
4617614,0,34,34
4618323,0,34,34
4618811,0,34,34
4619448,0,34,34
4620154,0,34,34
4620160,0,34,34
5025360,0,34,34
5044235,0,34,34
5159012,0,34,34
5159041,0,34,34
5159086,0,34,34
5159100,0,34,34
5159101,0,34,34
5160995,0,34,34
5164128,0,34,34
5164129,0,34,34
5164375,0,34,34
5164533,0,34,34
5164534,0,34,34
5164553,0,34,34
5164555,0,34,34
5164556,0,34,34
5164777,0,34,34
5164981,0,34,34
5165072,0,34,34
5165172,0,34,34
5166301,0,34,34
5166307,0,34,34
5166308,0,34,34
5166420,0,34,34
5166486,0,34,34
5166626,0,34,34
5166851,0,34,34
5169227,0,34,34
5169228,0,34,34
5169346,0,34,34
5169532,0,34,34
5169533,0,34,34
5170476,0,34,34
5171096,0,34,34
5171481,0,34,34
2127350,0,33,33
2127351,0,33,33
2127352,0,33,33
2127353,0,33,33
2127355,0,33,33
2127356,0,33,33
3040019,0,33,33
3042412,0,33,33
3330224,0,33,33
3395112,0,33,33
3399058,0,33,33
3421662,0,33,33
3424214,0,33,33
3425359,0,33,33
4044380,0,33,33
4179291,0,33,33
4257181,0,33,33
4533216,0,33,33
4567291,0,33,33
4587333,0,33,33
4594867,0,33,33
4607249,0,33,33
4607254,0,33,33
4607256,0,33,33
4607366,0,33,33
4607379,0,33,33
4607389,0,33,33
4607430,0,33,33
4607436,0,33,33
4607450,0,33,33
4607455,0,33,33
4615282,0,33,33
4617456,0,33,33
4620149,0,33,33
4620151,0,33,33
4798022,0,33,33
5045421,0,33,33
5073665,0,33,33
5075123,0,33,33
5081528,0,33,33
5087744,0,33,33
5112058,0,33,33
5142411,0,33,33
5148714,0,33,33
5158811,0,33,33
5158812,0,33,33
5158967,0,33,33
5158984,0,33,33
5159014,0,33,33
5159015,0,33,33
5159214,0,33,33
5164084,0,33,33
5164131,0,33,33
5164363,0,33,33
5164540,0,33,33
5164544,0,33,33
5164547,0,33,33
5164551,0,33,33
5164552,0,33,33
5164554,0,33,33
5164627,0,33,33
5164743,0,33,33
5164755,0,33,33
5164953,0,33,33
5164979,0,33,33
5164980,0,33,33
5164982,0,33,33
5165117,0,33,33
5165126,0,33,33
5166313,0,33,33
5166421,0,33,33
5167656,0,33,33
5167657,0,33,33
5167658,0,33,33
5169345,0,33,33
5169530,0,33,33
5169683,0,33,33
5170334,0,33,33
5170565,0,33,33
5171360,0,33,33
5799502,0,33,33
2127344,0,32,32
3247622,0,32,32
3398549,0,32,32
3399057,0,32,32
3414351,0,32,32
3421384,0,32,32
3421654,0,32,32
3424498,0,32,32
3425544,0,32,32
3426490,0,32,32
4012061,0,32,32
4058057,0,32,32
4110866,0,32,32
4159776,0,32,32
4294808,0,32,32
4542475,0,32,32
4607241,0,32,32
4607255,0,32,32
4607394,0,32,32
4607395,0,32,32
4607435,0,32,32
4607441,0,32,32
4607451,0,32,32
4607458,0,32,32
4607464,0,32,32
4607499,0,32,32
4607531,0,32,32
4608118,0,32,32
4617590,0,32,32
4618483,0,32,32
4618497,0,32,32
4618793,0,32,32
4620015,0,32,32
4620150,0,32,32
4620155,0,32,32
4798069,0,32,32
5045959,0,32,32
5049495,0,32,32
5049604,0,32,32
5054282,0,32,32
5065532,0,32,32
5067470,0,32,32
5075150,0,32,32
5105346,0,32,32
5117015,0,32,32
5142117,0,32,32
5159016,0,32,32
5159040,0,32,32
5159135,0,32,32
5160436,0,32,32
5163146,0,32,32
5164085,0,32,32
5164132,0,32,32
5164133,0,32,32
5164134,0,32,32
5164135,0,32,32
5164146,0,32,32
5164150,0,32,32
5164235,0,32,32
5164374,0,32,32
5164539,0,32,32
5164546,0,32,32
5164550,0,32,32
5164626,0,32,32
5164744,0,32,32
5164747,0,32,32
5164815,0,32,32
5164852,0,32,32
5164934,0,32,32
5164935,0,32,32
5164956,0,32,32
5164962,0,32,32
5164978,0,32,32
5165074,0,32,32
5166660,0,32,32
5166849,0,32,32
5167654,0,32,32
5167655,0,32,32
5167659,0,32,32
5169982,0,32,32
5170557,0,32,32
5170558,0,32,32
5170702,0,32,32
5170704,0,32,32
5171164,0,32,32
5172030,0,32,32
5172075,0,32,32
5174839,0,32,32
5175242,0,32,32
1003693,0,31,31
1090839,0,31,31
1090871,0,31,31
3008748,0,31,31
3249143,0,31,31
3422628,0,31,31
3424373,0,31,31
4066258,0,31,31
4095654,0,31,31
4121656,0,31,31
4136689,0,31,31
4542359,0,31,31
4570898,0,31,31
4593335,0,31,31
4596909,0,31,31
4607428,0,31,31
4607439,0,31,31
4607440,0,31,31
4607443,0,31,31
4607449,0,31,31
4607459,0,31,31
4607462,0,31,31
4607466,0,31,31
4607489,0,31,31
4607554,0,31,31
4607862,0,31,31
4607926,0,31,31
4614735,0,31,31
4617489,0,31,31
4617727,0,31,31
4618158,0,31,31
4618366,0,31,31
4620491,0,31,31
5031632,0,31,31
5041793,0,31,31
5042981,0,31,31
5046276,0,31,31
5064681,0,31,31
5074091,0,31,31
5077690,0,31,31
5142134,0,31,31
5162251,0,31,31
5162252,0,31,31
5164130,0,31,31
5164377,0,31,31
5164378,0,31,31
5164379,0,31,31
5164745,0,31,31
5164748,0,31,31
5164749,0,31,31
5164750,0,31,31
5164816,0,31,31
5164818,0,31,31
5164821,0,31,31
5164851,0,31,31
5164870,0,31,31
5164915,0,31,31
5164916,0,31,31
5164983,0,31,31
5165075,0,31,31
5165076,0,31,31
5166020,0,31,31
5166377,0,31,31
5166729,0,31,31
5166854,0,31,31
5170115,0,31,31
5170529,0,31,31
5170592,0,31,31
5172051,0,31,31
2094840,0,30,30
2124540,0,30,30
2128724,0,30,30
3398283,0,30,30
3398284,0,30,30
3414224,0,30,30
3426016,0,30,30
4111894,0,30,30
4156716,0,30,30
4163489,0,30,30
4290300,0,30,30
4542966,0,30,30
4586835,0,30,30
4596265,0,30,30
4605126,0,30,30
4607438,0,30,30
4607445,0,30,30
4607465,0,30,30
4607515,0,30,30
4615072,0,30,30
4615141,0,30,30
4615142,0,30,30
4618324,0,30,30
4618325,0,30,30
4619541,0,30,30
4619875,0,30,30
4620210,0,30,30
4623358,0,30,30
5048690,0,30,30
5151744,0,30,30
5158554,0,30,30
5162249,0,30,30
5164709,0,30,30
5164746,0,30,30
5164817,0,30,30
5164914,0,30,30
5164936,0,30,30
5165007,0,30,30
5165320,0,30,30
5165321,0,30,30
5165827,0,30,30
5165828,0,30,30
5166021,0,30,30
5166022,0,30,30
5166375,0,30,30
5166376,0,30,30
5166447,0,30,30
5167637,0,30,30
5169750,0,30,30
1090215,0,29,29
1090428,0,29,29
1090429,0,29,29
1090852,0,29,29
2124541,0,29,29
2127132,0,29,29
2128572,0,29,29
2129276,0,29,29
3119822,0,29,29
3325256,0,29,29
3398273,0,29,29
3398274,0,29,29
3398275,0,29,29
3398276,0,29,29
3398277,0,29,29
3398278,0,29,29
3398279,0,29,29
3398280,0,29,29
3398281,0,29,29
3398282,0,29,29
3398285,0,29,29
3398286,0,29,29
3398287,0,29,29
3398288,0,29,29
3398311,0,29,29
3398312,0,29,29
3398313,0,29,29
3399243,0,29,29
3399244,0,29,29
3399245,0,29,29
3399246,0,29,29
3399247,0,29,29
3399248,0,29,29
3399249,0,29,29
3418440,0,29,29
3425441,0,29,29
4109436,0,29,29
4109856,0,29,29
4109931,0,29,29
4139360,0,29,29
4163490,0,29,29
4283531,0,29,29
4542474,0,29,29
4596262,0,29,29
4596263,0,29,29
4597136,0,29,29
4607793,0,29,29
4607795,0,29,29
4607796,0,29,29
4607797,0,29,29
4615624,0,29,29
5000817,0,29,29
5050220,0,29,29
5158649,0,29,29
5159660,0,29,29
5162250,0,29,29
5164136,0,29,29
5166659,0,29,29
5167636,0,29,29
5169361,0,29,29
5170714,0,29,29
1090394,0,28,28
2127118,0,28,28
2127120,0,28,28
2129476,0,28,28
3028067,0,28,28
3398247,0,28,28
3398248,0,28,28
3398249,0,28,28
3398250,0,28,28
3398254,0,28,28
3398255,0,28,28
3398271,0,28,28
3398272,0,28,28
3398296,0,28,28
3398297,0,28,28
3398298,0,28,28
3398299,0,28,28
3398300,0,28,28
3398301,0,28,28
3398302,0,28,28
3398303,0,28,28
3398304,0,28,28
3398305,0,28,28
3398306,0,28,28
3398310,0,28,28
3398314,0,28,28
3398315,0,28,28
3398316,0,28,28
3398317,0,28,28
3398318,0,28,28
3398319,0,28,28
3398320,0,28,28
3398321,0,28,28
3398322,0,28,28
3398327,0,28,28
3398328,0,28,28
3398329,0,28,28
3398330,0,28,28
3398331,0,28,28
3399847,0,28,28
3404457,0,28,28
3404458,0,28,28
3404460,0,28,28
3424503,0,28,28
4107006,0,28,28
4120952,0,28,28
4125090,0,28,28
4139905,0,28,28
4257275,0,28,28
4439706,0,28,28
4558802,0,28,28
4594886,0,28,28
4596005,0,28,28
4596282,0,28,28
4597133,0,28,28
4597134,0,28,28
4597135,0,28,28
4605112,0,28,28
4607794,0,28,28
4608529,0,28,28
4617328,0,28,28
4619512,0,28,28
5089051,0,28,28
5089052,0,28,28
5158769,0,28,28
5162225,0,28,28
5162226,0,28,28
5162227,0,28,28
5162228,0,28,28
5163147,0,28,28
5164894,0,28,28
5164903,0,28,28
5165012,0,28,28
5165014,0,28,28
5165015,0,28,28
5169151,0,28,28
5170594,0,28,28
5170825,0,28,28
5171966,0,28,28
5171982,0,28,28
2026604,0,27,27
2127116,0,27,27
2128043,0,27,27
3319652,0,27,27
3345540,0,27,27
3398256,0,27,27
3398257,0,27,27
3398259,0,27,27
3398260,0,27,27
3398261,0,27,27
3398262,0,27,27
3398263,0,27,27
3398264,0,27,27
3398265,0,27,27
3398266,0,27,27
3398267,0,27,27
3398268,0,27,27
3398269,0,27,27
3398270,0,27,27
3398307,0,27,27
3398308,0,27,27
3398309,0,27,27
3398323,0,27,27
3398324,0,27,27
3398325,0,27,27
3398326,0,27,27
3404462,0,27,27
3404488,0,27,27
3404489,0,27,27
3424219,0,27,27
4106594,0,27,27
4108215,0,27,27
4315046,0,27,27
4595009,0,27,27
4595624,0,27,27
4595625,0,27,27
4595960,0,27,27
4597000,0,27,27
4608537,0,27,27
4615138,0,27,27
4617667,0,27,27
5141150,0,27,27
5165013,0,27,27
5165149,0,27,27
5166424,0,27,27
5166789,0,27,27
5169033,0,27,27
5170593,0,27,27
5171162,0,27,27
5171243,0,27,27
5171937,0,27,27
3378589,0,26,26
3404490,0,26,26
3404492,0,26,26
3404493,0,26,26
3418355,0,26,26
3418359,0,26,26
3418361,0,26,26
3418363,0,26,26
3418364,0,26,26
4105334,0,26,26
4255714,0,26,26
4262509,0,26,26
4265187,0,26,26
4292583,0,26,26
4449052,0,26,26
4546959,0,26,26
4594832,0,26,26
4594887,0,26,26
4595485,0,26,26
4596243,0,26,26
4596259,0,26,26
4607354,0,26,26
4607385,0,26,26
4607444,0,26,26
4607580,0,26,26
4607803,0,26,26
4617679,0,26,26
4619686,0,26,26
4619844,0,26,26
4620222,0,26,26
4798014,0,26,26
5087028,0,26,26
5122848,0,26,26
5164613,0,26,26
5164797,0,26,26
5165087,0,26,26
5165195,0,26,26
5169201,0,26,26
5799504,0,26,26
1090246,0,25,25
1090431,0,25,25
2057549,0,25,25
2100650,0,25,25
2124512,0,25,25
3083395,0,25,25
4038757,0,25,25
4055648,0,25,25
4105385,0,25,25
4152834,0,25,25
4312683,0,25,25
4529866,0,25,25
4541623,0,25,25
4594833,0,25,25
4594843,0,25,25
4596251,0,25,25
4607350,0,25,25
4607380,0,25,25
4607383,0,25,25
4607398,0,25,25
4607405,0,25,25
4607460,0,25,25
4607645,0,25,25
4615139,0,25,25
4620153,0,25,25
5165802,0,25,25
5799516,0,25,25
1090778,0,24,24
4068860,0,24,24
4543417,0,24,24
4543419,0,24,24
4585500,0,24,24
4596105,0,24,24
4607454,0,24,24
4607540,0,24,24
4615332,0,24,24
4615779,0,24,24
4619412,0,24,24
4620462,0,24,24
5062071,0,24,24
1090248,0,23,23
4114969,0,23,23
4596102,0,23,23
4607352,0,23,23
4607386,0,23,23
4607393,0,23,23
4607399,0,23,23
5053472,0,23,23
5109098,0,23,23
3085904,0,22,22
3213337,0,22,22
3325606,0,22,22
3425282,0,22,22
3425283,0,22,22
3425832,0,22,22
4543418,0,22,22
4549397,0,22,22
4596244,0,22,22
4607382,0,22,22
4607446,0,22,22
4617680,0,22,22
4619846,0,22,22
4619847,0,22,22
5154837,0,22,22
5166676,0,22,22
5170004,0,22,22
5170614,0,22,22
1090160,0,21,21
1090837,0,21,21
1090840,0,21,21
2028346,0,21,21
2128757,0,21,21
3135417,0,21,21
3338586,0,21,21
3425593,0,21,21
4458633,0,21,21
4596247,0,21,21
4614937,0,21,21
4615057,0,21,21
4619845,0,21,21
5036681,0,21,21
5084690,0,21,21
5164798,0,21,21
5164867,0,21,21
5164868,0,21,21
5171923,0,21,21
1088067,0,20,20
1089878,0,20,20
1090425,0,20,20
3102447,0,20,20
3421405,0,20,20
3425827,0,20,20
4546499,0,20,20
4597124,0,20,20
4615115,0,20,20
4615232,0,20,20
4615233,0,20,20
4615601,0,20,20
4615602,0,20,20
4616482,0,20,20
5073197,0,20,20
5164386,0,20,20
5166360,0,20,20
5170744,0,20,20
5799501,0,20,20
1090510,0,19,19
3222300,0,19,19
3379794,0,19,19
3425264,0,19,19
3425265,0,19,19
3425284,0,19,19
3426307,0,19,19
3426320,0,19,19
4570348,0,19,19
4596210,0,19,19
4597061,0,19,19
4597088,0,19,19
4614938,0,19,19
4615234,0,19,19
4615235,0,19,19
4615236,0,19,19
4615237,0,19,19
4615239,0,19,19
4615240,0,19,19
4615246,0,19,19
4615617,0,19,19
4615620,0,19,19
4615621,0,19,19
4615646,0,19,19
4617744,0,19,19
4618300,0,19,19
2026602,0,18,18
2046957,0,18,18
2127277,0,18,18
3009286,0,18,18
3398697,0,18,18
4230632,0,18,18
4458085,0,18,18
4523214,0,18,18
4539221,0,18,18
4596372,0,18,18
4597125,0,18,18
4614939,0,18,18
4614940,0,18,18
4615231,0,18,18
4615241,0,18,18
4615242,0,18,18
4615243,0,18,18
4615244,0,18,18
4615604,0,18,18
5069635,0,18,18
5164384,0,18,18
5171199,0,18,18
1006763,0,17,17
1090430,0,17,17
1090590,0,17,17
1090838,0,17,17
1090841,0,17,17
2000008,0,17,17
2023722,0,17,17
2129340,0,17,17
3042667,0,17,17
3213526,0,17,17
3425079,0,17,17
4307666,0,17,17
4458086,0,17,17
4492412,0,17,17
4518802,0,17,17
4528298,0,17,17
4596373,0,17,17
4615058,0,17,17
4615245,0,17,17
4615253,0,17,17
4615283,0,17,17
4618295,0,17,17
4619888,0,17,17
5125571,0,17,17
5127311,0,17,17
5127312,0,17,17
5127313,0,17,17
5127314,0,17,17
5127315,0,17,17
5139624,0,17,17
5162677,0,17,17
5169904,0,17,17
1085631,0,16,16
2128986,0,16,16
2128993,0,16,16
3380054,0,16,16
3426472,0,16,16
3426473,0,16,16
3426919,0,16,16
4062889,0,16,16
4112144,0,16,16
4531197,0,16,16
4538518,0,16,16
4546498,0,16,16
4556446,0,16,16
4596100,0,16,16
4615254,0,16,16
4615605,0,16,16
4615606,0,16,16
4615608,0,16,16
4618485,0,16,16
4618488,0,16,16
4618540,0,16,16
4619885,0,16,16
1052432,0,15,15
1090167,0,15,15
3113806,0,15,15
3335831,0,15,15
3337845,0,15,15
3425816,0,15,15
3426128,0,15,15
4048423,0,15,15
4216878,0,15,15
4306328,0,15,15
4594828,0,15,15
4594829,0,15,15
4608061,0,15,15
4615162,0,15,15
4615607,0,15,15
4615609,0,15,15
4615611,0,15,15
4618407,0,15,15
4619530,0,15,15
4619542,0,15,15
4619853,0,15,15
1024961,0,14,14
1090507,0,14,14
1090970,0,14,14
3048305,0,14,14
3386797,0,14,14
3424960,0,14,14
3424969,0,14,14
3425815,0,14,14
3425817,0,14,14
3425823,0,14,14
4488548,0,14,14
4489380,0,14,14
4519661,0,14,14
4531196,0,14,14
4538346,0,14,14
4538354,0,14,14
4597104,0,14,14
4597106,0,14,14
4604525,0,14,14
4618282,0,14,14
4618354,0,14,14
4618541,0,14,14
4619523,0,14,14
4619531,0,14,14
4619532,0,14,14
4619538,0,14,14
4619540,0,14,14
4619779,0,14,14
4619821,0,14,14
4619840,0,14,14
4619849,0,14,14
4619956,0,14,14
5142532,0,14,14
5169550,0,14,14
5171487,0,14,14
5171488,0,14,14
1060055,0,13,13
1086891,0,13,13
1089884,0,13,13
3223368,0,13,13
3329834,0,13,13
3400446,0,13,13
3425828,0,13,13
3426914,0,13,13
4212225,0,13,13
4484997,0,13,13
4530759,0,13,13
4538653,0,13,13
4593864,0,13,13
4597105,0,13,13
4618289,0,13,13
4618482,0,13,13
4619533,0,13,13
4619535,0,13,13
4619536,0,13,13
4619539,0,13,13
4619777,0,13,13
4619778,0,13,13
4623640,0,13,13
4623641,0,13,13
5158973,0,13,13
5166310,0,13,13
5169147,0,13,13
5169215,0,13,13
5170117,0,13,13
5170533,0,13,13
5171165,0,13,13
5171166,0,13,13
5171486,0,13,13
5171814,0,13,13
5171851,0,13,13
1082663,0,12,12
1083924,0,12,12
1090166,0,12,12
2015123,0,12,12
2086645,0,12,12
2088595,0,12,12
2123825,0,12,12
2127419,0,12,12
2128737,0,12,12
2129351,0,12,12
2129512,0,12,12
2129538,0,12,12
3042697,0,12,12
3415569,0,12,12
3418181,0,12,12
3425180,0,12,12
3426216,0,12,12
3426483,0,12,12
4603248,0,12,12
4605348,0,12,12
4607453,0,12,12
4615073,0,12,12
4615204,0,12,12
4615205,0,12,12
4616735,0,12,12
4617281,0,12,12
4618445,0,12,12
4618484,0,12,12
4619092,0,12,12
4619093,0,12,12
4619524,0,12,12
4619525,0,12,12
4619526,0,12,12
4619528,0,12,12
4619776,0,12,12
4620263,0,12,12
5140368,0,12,12
5144501,0,12,12
5153475,0,12,12
5155083,0,12,12
5157072,0,12,12
5157073,0,12,12
5159661,0,12,12
5164984,0,12,12
5164986,0,12,12
5170532,0,12,12
5170595,0,12,12
5171161,0,12,12
5171480,0,12,12
5171485,0,12,12
5171489,0,12,12
5171739,0,12,12
5171919,0,12,12
5172069,0,12,12
1001991,0,11,11
1003822,0,11,11
1078922,0,11,11
1090505,0,11,11
1090508,0,11,11
2006919,0,11,11
2102886,0,11,11
2128643,0,11,11
2128705,0,11,11
2128710,0,11,11
2128990,0,11,11
2129051,0,11,11
2129054,0,11,11
3425025,0,11,11
3425027,0,11,11
3425945,0,11,11
3426249,0,11,11
3426486,0,11,11
3426758,0,11,11
4002322,0,11,11
4454843,0,11,11
4522052,0,11,11
4546500,0,11,11
4547272,0,11,11
4606041,0,11,11
4606616,0,11,11
4615208,0,11,11
4617333,0,11,11
4620218,0,11,11
5164985,0,11,11
5169164,0,11,11
5170508,0,11,11
5171160,0,11,11
1089861,0,10,10
1090517,0,10,10
2024794,0,10,10
2126612,0,10,10
2128688,0,10,10
2129338,0,10,10
3037822,0,10,10
3322112,0,10,10
3424088,0,10,10
3425824,0,10,10
3425825,0,10,10
3427002,0,10,10
4449978,0,10,10
4555040,0,10,10
4562049,0,10,10
4605354,0,10,10
4615210,0,10,10
4615592,0,10,10
4615625,0,10,10
4615696,0,10,10
4617738,0,10,10
4617938,0,10,10
4617939,0,10,10
4617940,0,10,10
4618446,0,10,10
4620619,0,10,10
5156988,0,10,10
5169222,0,10,10
5169321,0,10,10
5170513,0,10,10
1090971,0,9,9
2006991,0,9,9
2101565,0,9,9
2128743,0,9,9
2129349,0,9,9
3399408,0,9,9
3399410,0,9,9
3399967,0,9,9
4519813,0,9,9
4614944,0,9,9
4617192,0,9,9
5167676,0,9,9
5169217,0,9,9
5169741,0,9,9
1088258,0,8,8
1090509,0,8,8
1795027,0,8,8
2123238,0,8,8
2128988,0,8,8
3380793,0,8,8
4439598,0,8,8
4519691,0,8,8
4607809,0,8,8
4615044,0,8,8
4618364,0,8,8
4795034,0,8,8
5159977,0,8,8
5170352,0,8,8
1084590,0,7,7
1086433,0,7,7
1795001,0,7,7
1795013,0,7,7
3421317,0,7,7
5169218,0,7,7
1795020,0,6,6
5169219,0,6,6
3000370,1035,1035,0
1090972,504,504,0
1045277,384,384,0
1090579,375,375,0
1050634,304,304,0
1089811,240,240,0
4619386,273,273,0
1085588,312,312,0
1003549,180,180,0
3396771,150,150,0
1019926,26,26,0
4539469,195,195,0
3071205,98,98,0
4439234,149,149,0
1091605,250,250,0
1090148,73,73,0
4540101,112,112,0
1027112,16,16,0
1089710,107,107,0
1048779,168,168,0
1087083,260,260,0
